tensor(1.5800e-12),tensor(4.4227e-22),tensor(1.)
tensor(0.0225),tensor(1.5548e-25),tensor(0.9775)
tensor(0.9918),tensor(4.0389e-10),tensor(0.0082)
tensor(0.9847),tensor(4.9643e-07),tensor(0.0153)
tensor(0.8865),tensor(4.2032e-07),tensor(0.1135)
tensor(0.9328),tensor(2.0506e-07),tensor(0.0672)
tensor(0.9701),tensor(3.2183e-13),tensor(0.0299)
tensor(0.9754),tensor(0.0009),tensor(0.0237)
tensor(0.8320),tensor(0.0002),tensor(0.1678)
tensor(0.9583),tensor(1.4853e-05),tensor(0.0416)
tensor(0.9756),tensor(1.2388e-09),tensor(0.0244)
tensor(0.3125),tensor(1.5911e-17),tensor(0.6875)
tensor(0.0113),tensor(1.0394e-12),tensor(0.9887)
tensor(0.9984),tensor(3.0160e-11),tensor(0.0016)
tensor(0.8717),tensor(5.3609e-13),tensor(0.1283)
tensor(0.9984),tensor(3.0160e-11),tensor(0.0016)
tensor(0.9867),tensor(5.5784e-12),tensor(0.0133)
tensor(0.8548),tensor(5.9364e-10),tensor(0.1452)
tensor(0.9887),tensor(1.8173e-15),tensor(0.0113)
tensor(0.9911),tensor(4.6257e-15),tensor(0.0089)
tensor(0.9249),tensor(1.5365e-10),tensor(0.0751)
tensor(0.9903),tensor(1.6092e-13),tensor(0.0097)
tensor(0.3872),tensor(9.4418e-16),tensor(0.6128)
tensor(0.0326),tensor(1.4055e-12),tensor(0.9674)
tensor(1.6670e-05),tensor(1.0224e-05),tensor(1.0000)
tensor(0.1005),tensor(7.7672e-06),tensor(0.8995)
tensor(0.6245),tensor(5.6545e-11),tensor(0.3755)
tensor(1.),tensor(3.1903e-08),tensor(4.7951e-38)
tensor(0.0161),tensor(0.9756),tensor(0.0084)
tensor(0.9755),tensor(8.4300e-13),tensor(0.0245)
tensor(0.3595),tensor(3.5376e-16),tensor(0.6405)
tensor(0.0664),tensor(7.8549e-16),tensor(0.9336)
tensor(0.1167),tensor(1.8392e-06),tensor(0.8833)
tensor(5.6472e-05),tensor(0.0001),tensor(0.9998)
tensor(6.6406e-05),tensor(2.4518e-08),tensor(0.9999)
tensor(0.5664),tensor(1.1226e-10),tensor(0.4336)
tensor(0.7371),tensor(5.9163e-15),tensor(0.2629)
tensor(0.1891),tensor(7.1304e-08),tensor(0.8109)
tensor(0.7371),tensor(5.9163e-15),tensor(0.2629)
tensor(0.8517),tensor(9.1639e-18),tensor(0.1483)
tensor(0.2347),tensor(2.2944e-16),tensor(0.7653)
tensor(0.0034),tensor(5.5890e-15),tensor(0.9966)
tensor(9.2902e-06),tensor(2.0854e-13),tensor(1.0000)
tensor(0.1899),tensor(8.0527e-10),tensor(0.8101)
tensor(0.3029),tensor(3.8828e-10),tensor(0.6971)
tensor(0.2966),tensor(2.9314e-10),tensor(0.7034)
tensor(0.0470),tensor(9.7334e-12),tensor(0.9530)
tensor(0.3216),tensor(4.0637e-14),tensor(0.6784)
tensor(0.0470),tensor(9.7334e-12),tensor(0.9530)
tensor(0.0232),tensor(0.0299),tensor(0.9469)
tensor(1.),tensor(1.6159e-28),tensor(2.7397e-28)
tensor(0.8826),tensor(0.1174),tensor(7.0871e-08)
tensor(0.9784),tensor(0.0005),tensor(0.0211)
tensor(0.8917),tensor(1.2295e-12),tensor(0.1083)
tensor(1.),tensor(5.5705e-08),tensor(1.6774e-09)
tensor(0.9959),tensor(7.0341e-07),tensor(0.0041)
tensor(0.0161),tensor(0.9740),tensor(0.0099)
tensor(0.9600),tensor(9.0377e-06),tensor(0.0400)
tensor(2.1180e-05),tensor(0.0009),tensor(0.9991)
tensor(0.9600),tensor(9.0377e-06),tensor(0.0400)
tensor(0.3634),tensor(0.0003),tensor(0.6363)
tensor(0.9578),tensor(2.5586e-11),tensor(0.0422)
tensor(0.0879),tensor(1.3659e-06),tensor(0.9121)
tensor(0.7266),tensor(1.0918e-12),tensor(0.2734)
tensor(0.6886),tensor(1.2106e-10),tensor(0.3114)
tensor(0.9176),tensor(1.8601e-18),tensor(0.0824)
tensor(0.2889),tensor(2.0414e-16),tensor(0.7111)
tensor(0.1389),tensor(6.2245e-32),tensor(0.8611)
tensor(0.6268),tensor(5.7869e-12),tensor(0.3732)
tensor(0.0006),tensor(1.1930e-12),tensor(0.9994)
tensor(2.0913e-05),tensor(7.7581e-09),tensor(1.0000)
tensor(0.9860),tensor(6.6662e-17),tensor(0.0140)
tensor(0.9487),tensor(6.1626e-21),tensor(0.0513)
tensor(0.9460),tensor(6.6295e-24),tensor(0.0540)
tensor(0.9718),tensor(2.5211e-09),tensor(0.0282)
tensor(0.9718),tensor(2.3437e-06),tensor(0.0282)
tensor(0.8868),tensor(0.0966),tensor(0.0166)
tensor(0.6321),tensor(0.1382),tensor(0.2297)
tensor(1.),tensor(6.4368e-19),tensor(2.9093e-15)
tensor(0.7961),tensor(8.9154e-12),tensor(0.2039)
tensor(1.),tensor(6.4368e-19),tensor(2.9093e-15)
tensor(0.0729),tensor(1.1930e-12),tensor(0.9271)
tensor(0.7006),tensor(1.3775e-08),tensor(0.2994)
tensor(0.9925),tensor(6.7486e-07),tensor(0.0075)
tensor(0.6177),tensor(4.6791e-07),tensor(0.3823)
tensor(0.9852),tensor(2.5927e-12),tensor(0.0148)
tensor(0.0426),tensor(3.6116e-06),tensor(0.9574)
tensor(2.3969e-11),tensor(4.2300e-35),tensor(1.)
tensor(5.7916e-08),tensor(1.0968e-10),tensor(1.)
tensor(1.),tensor(3.2269e-19),tensor(8.2686e-12)
tensor(5.7916e-08),tensor(1.0968e-10),tensor(1.)
tensor(3.0048e-13),tensor(3.5891e-17),tensor(1.)
tensor(0.8991),tensor(1.9180e-12),tensor(0.1009)
tensor(0.7922),tensor(8.0865e-18),tensor(0.2078)
tensor(0.9992),tensor(3.8847e-15),tensor(0.0008)
tensor(0.0006),tensor(8.3636e-15),tensor(0.9994)
tensor(1.1243e-09),tensor(5.1706e-26),tensor(1.)
tensor(0.3856),tensor(1.4688e-13),tensor(0.6144)
tensor(5.1643e-06),tensor(8.1316e-13),tensor(1.0000)
tensor(1.4801e-05),tensor(2.1498e-14),tensor(1.0000)
tensor(0.3007),tensor(1.3695e-14),tensor(0.6993)
tensor(0.1283),tensor(0.6786),tensor(0.1931)
tensor(0.0267),tensor(0.1712),tensor(0.8021)
tensor(6.5638e-05),tensor(4.3138e-13),tensor(0.9999)
tensor(0.0036),tensor(1.4262e-09),tensor(0.9964)
tensor(0.0027),tensor(1.9274e-06),tensor(0.9973)
tensor(0.0014),tensor(0.0002),tensor(0.9984)
tensor(0.8555),tensor(5.7878e-16),tensor(0.1445)
tensor(0.0147),tensor(4.4997e-19),tensor(0.9853)
tensor(0.9558),tensor(7.3691e-17),tensor(0.0442)
tensor(0.9720),tensor(1.0002e-12),tensor(0.0280)
tensor(0.9891),tensor(5.1484e-09),tensor(0.0109)
tensor(0.9673),tensor(1.5273e-12),tensor(0.0327)
tensor(0.9467),tensor(6.6346e-24),tensor(0.0533)
tensor(0.9856),tensor(1.2617e-33),tensor(0.0144)
tensor(0.9865),tensor(8.0399e-27),tensor(0.0135)
tensor(0.9850),tensor(3.6650e-27),tensor(0.0150)
tensor(0.9646),tensor(1.8052e-16),tensor(0.0354)
tensor(0.0023),tensor(3.6009e-13),tensor(0.9977)
tensor(0.9941),tensor(1.5550e-12),tensor(0.0059)
tensor(0.0002),tensor(3.2131e-15),tensor(0.9998)
tensor(0.9723),tensor(5.2445e-12),tensor(0.0277)
tensor(0.9941),tensor(4.5121e-08),tensor(0.0059)
tensor(1.0000),tensor(2.6209e-18),tensor(2.6548e-06)
tensor(0.9976),tensor(5.6841e-08),tensor(0.0024)
tensor(0.9823),tensor(2.7048e-09),tensor(0.0177)
tensor(0.9972),tensor(2.4189e-11),tensor(0.0028)
tensor(1.),tensor(2.6020e-22),tensor(6.5693e-24)
tensor(0.9991),tensor(3.7823e-09),tensor(0.0009)
tensor(0.0124),tensor(3.6796e-23),tensor(0.9876)
tensor(0.0002),tensor(1.1435e-07),tensor(0.9998)
tensor(0.0028),tensor(1.0990e-09),tensor(0.9972)
tensor(0.0002),tensor(1.1435e-07),tensor(0.9998)
tensor(0.0028),tensor(1.0990e-09),tensor(0.9972)
tensor(0.0028),tensor(1.0990e-09),tensor(0.9972)
tensor(0.9922),tensor(3.8576e-15),tensor(0.0078)
tensor(0.9358),tensor(8.4331e-20),tensor(0.0642)
tensor(0.8896),tensor(1.6028e-20),tensor(0.1104)
tensor(0.0004),tensor(1.8879e-35),tensor(0.9996)
tensor(0.7852),tensor(1.0009e-15),tensor(0.2148)
tensor(0.9100),tensor(1.2145e-30),tensor(0.0900)
tensor(0.0225),tensor(1.5548e-25),tensor(0.9775)
tensor(0.0001),tensor(0.0297),tensor(0.9702)
tensor(1.),tensor(3.5717e-35),tensor(2.9332e-22)
tensor(1.0000),tensor(5.5705e-08),tensor(7.7948e-08)
tensor(0.2217),tensor(0.6728),tensor(0.1054)
tensor(0.8638),tensor(2.3830e-08),tensor(0.1362)
tensor(0.0161),tensor(0.9739),tensor(0.0100)
tensor(0.9959),tensor(1.9382e-23),tensor(0.0041)
tensor(0.9581),tensor(6.1204e-20),tensor(0.0419)
tensor(0.9602),tensor(7.6911e-21),tensor(0.0398)
tensor(0.9915),tensor(1.6799e-19),tensor(0.0085)
tensor(0.9959),tensor(1.9382e-23),tensor(0.0041)
tensor(0.9941),tensor(1.0011e-20),tensor(0.0059)
tensor(0.9893),tensor(3.8941e-21),tensor(0.0107)
tensor(0.1136),tensor(7.8355e-16),tensor(0.8864)
tensor(0.9893),tensor(3.8941e-21),tensor(0.0107)
tensor(0.9599),tensor(6.6875e-23),tensor(0.0401)
tensor(1.),tensor(1.6952e-33),tensor(2.1347e-08)
tensor(0.1136),tensor(7.8355e-16),tensor(0.8864)
tensor(0.9732),tensor(1.6731e-21),tensor(0.0268)
tensor(0.9941),tensor(1.0011e-20),tensor(0.0059)
tensor(0.9893),tensor(3.8941e-21),tensor(0.0107)
tensor(0.6670),tensor(3.4496e-17),tensor(0.3330)
tensor(1.),tensor(2.1006e-37),tensor(2.0401e-08)
tensor(0.1136),tensor(7.8355e-16),tensor(0.8864)
tensor(0.8103),tensor(1.3909e-19),tensor(0.1897)
tensor(0.9800),tensor(5.6050e-21),tensor(0.0200)
tensor(0.9995),tensor(1.7157e-19),tensor(0.0005)
tensor(0.9133),tensor(5.1471e-16),tensor(0.0867)
tensor(0.0434),tensor(9.3231e-22),tensor(0.9566)
tensor(0.6927),tensor(1.0533e-06),tensor(0.3073)
tensor(8.2063e-05),tensor(0.8032),tensor(0.1967)
tensor(0.3894),tensor(2.8546e-06),tensor(0.6106)
tensor(0.6700),tensor(2.8230e-10),tensor(0.3300)
tensor(0.2099),tensor(3.9800e-15),tensor(0.7901)
tensor(1.),tensor(1.0744e-23),tensor(7.3337e-24)
tensor(0.2099),tensor(3.9800e-15),tensor(0.7901)
tensor(0.9013),tensor(3.3529e-14),tensor(0.0987)
tensor(0.8896),tensor(1.7457e-14),tensor(0.1104)
tensor(0.0006),tensor(2.9506e-23),tensor(0.9994)
tensor(0.7266),tensor(1.0918e-12),tensor(0.2734)
tensor(0.5708),tensor(2.3671e-11),tensor(0.4292)
tensor(0.4852),tensor(3.4959e-11),tensor(0.5148)
tensor(0.8649),tensor(2.8011e-13),tensor(0.1351)
tensor(0.6886),tensor(1.2106e-10),tensor(0.3114)
tensor(0.8210),tensor(0.0007),tensor(0.1783)
tensor(5.4955e-05),tensor(1.5038e-08),tensor(0.9999)
tensor(0.9964),tensor(8.9375e-14),tensor(0.0036)
tensor(0.9778),tensor(5.0227e-09),tensor(0.0222)
tensor(0.7748),tensor(9.7713e-11),tensor(0.2252)
tensor(0.9894),tensor(5.6798e-06),tensor(0.0106)
tensor(0.9997),tensor(6.0231e-07),tensor(0.0003)
tensor(0.7702),tensor(8.6260e-12),tensor(0.2298)
tensor(0.7713),tensor(0.0009),tensor(0.2278)
tensor(0.0001),tensor(1.6950e-32),tensor(0.9999)
tensor(0.7431),tensor(1.5968e-06),tensor(0.2569)
tensor(0.9368),tensor(0.0001),tensor(0.0630)
tensor(0.7431),tensor(1.5968e-06),tensor(0.2569)
tensor(0.9286),tensor(1.9495e-08),tensor(0.0714)
tensor(0.8877),tensor(6.5589e-08),tensor(0.1123)
tensor(0.0034),tensor(3.1138e-13),tensor(0.9966)
tensor(0.4628),tensor(1.9056e-20),tensor(0.5372)
tensor(0.9888),tensor(1.6974e-19),tensor(0.0112)
tensor(0.8904),tensor(3.1138e-12),tensor(0.1096)
tensor(0.8641),tensor(9.6130e-15),tensor(0.1359)
tensor(0.0745),tensor(1.1406e-12),tensor(0.9255)
tensor(0.0015),tensor(3.9076e-27),tensor(0.9985)
tensor(0.0615),tensor(1.6151e-11),tensor(0.9385)
tensor(0.8775),tensor(3.3349e-16),tensor(0.1225)
tensor(2.3621e-05),tensor(1.9600e-22),tensor(1.0000)
tensor(0.8563),tensor(5.0629e-15),tensor(0.1437)
tensor(0.0615),tensor(1.6151e-11),tensor(0.9385)
tensor(0.8535),tensor(2.0264e-12),tensor(0.1465)
tensor(0.8764),tensor(2.8036e-07),tensor(0.1236)
tensor(0.8764),tensor(2.8036e-07),tensor(0.1236)
tensor(0.8563),tensor(5.0629e-15),tensor(0.1437)
tensor(0.0745),tensor(1.1406e-12),tensor(0.9255)
tensor(0.8641),tensor(9.6130e-15),tensor(0.1359)
tensor(0.0745),tensor(1.1406e-12),tensor(0.9255)
tensor(0.0015),tensor(3.9076e-27),tensor(0.9985)
tensor(0.0006),tensor(2.6154e-12),tensor(0.9994)
tensor(0.0096),tensor(5.5785e-13),tensor(0.9904)
tensor(3.9071e-06),tensor(7.4757e-24),tensor(1.0000)
tensor(3.7857e-10),tensor(1.1749e-19),tensor(1.)
tensor(0.9947),tensor(2.0391e-12),tensor(0.0053)
tensor(0.9573),tensor(0.0023),tensor(0.0405)
tensor(0.9423),tensor(1.1994e-13),tensor(0.0577)
tensor(0.9573),tensor(0.0023),tensor(0.0405)
tensor(0.9423),tensor(1.1994e-13),tensor(0.0577)
tensor(0.6497),tensor(4.5433e-12),tensor(0.3503)
tensor(0.8968),tensor(1.8885e-08),tensor(0.1032)
tensor(0.9659),tensor(3.6163e-12),tensor(0.0341)
tensor(3.8002e-15),tensor(0.0219),tensor(0.9781)
tensor(0.0002),tensor(1.6646e-07),tensor(0.9998)
tensor(0.7379),tensor(0.1300),tensor(0.1321)
tensor(0.9384),tensor(2.4134e-21),tensor(0.0616)
tensor(0.9850),tensor(7.7019e-24),tensor(0.0150)
tensor(0.4353),tensor(2.3529e-12),tensor(0.5647)
tensor(0.0958),tensor(8.1948e-35),tensor(0.9042)
tensor(0.3316),tensor(7.3960e-27),tensor(0.6684)
tensor(0.7020),tensor(4.7266e-19),tensor(0.2980)
tensor(0.0002),tensor(1.9588e-29),tensor(0.9998)
tensor(0.9017),tensor(1.1660e-08),tensor(0.0983)
tensor(0.9941),tensor(0.0049),tensor(0.0010)
tensor(0.9308),tensor(6.1308e-10),tensor(0.0692)
tensor(0.9397),tensor(2.4255e-06),tensor(0.0603)
tensor(1.0000),tensor(5.3121e-07),tensor(9.5949e-06)
tensor(0.0066),tensor(0.9934),tensor(3.1452e-06)
tensor(0.9974),tensor(9.3899e-06),tensor(0.0026)
tensor(1.0000),tensor(5.4856e-10),tensor(4.2559e-07)
tensor(1.),tensor(1.6159e-28),tensor(1.6159e-28)
tensor(0.9925),tensor(0.0075),tensor(2.0127e-06)
tensor(0.0001),tensor(0.0297),tensor(0.9702)
tensor(1.0000),tensor(2.1468e-09),tensor(2.6956e-05)
tensor(0.9997),tensor(0.0002),tensor(1.7773e-05)
tensor(0.9995),tensor(2.1949e-08),tensor(0.0005)
tensor(0.0161),tensor(0.9739),tensor(0.0100)
tensor(0.9697),tensor(6.7446e-10),tensor(0.0303)
tensor(0.9835),tensor(4.0198e-12),tensor(0.0165)
tensor(2.5959e-05),tensor(0.0001),tensor(0.9999)
tensor(0.5302),tensor(0.0014),tensor(0.4683)
tensor(0.4952),tensor(2.4379e-05),tensor(0.5048)
tensor(0.7752),tensor(1.2156e-08),tensor(0.2248)
tensor(0.4952),tensor(2.4379e-05),tensor(0.5048)
tensor(0.5329),tensor(8.1572e-05),tensor(0.4670)
tensor(0.4952),tensor(2.4379e-05),tensor(0.5048)
tensor(0.8262),tensor(1.5297e-06),tensor(0.1738)
tensor(0.8436),tensor(6.1027e-08),tensor(0.1564)
tensor(0.6087),tensor(0.0002),tensor(0.3911)
tensor(0.7371),tensor(0.0013),tensor(0.2616)
tensor(0.3746),tensor(0.0442),tensor(0.5812)
tensor(0.4522),tensor(3.0238e-14),tensor(0.5478)
tensor(0.1095),tensor(0.0025),tensor(0.8880)
tensor(0.4945),tensor(5.9930e-06),tensor(0.5054)
tensor(0.7766),tensor(3.8642e-06),tensor(0.2234)
tensor(0.2810),tensor(1.6259e-06),tensor(0.7190)
tensor(0.0580),tensor(1.5693e-09),tensor(0.9420)
tensor(0.0935),tensor(0.0059),tensor(0.9006)
tensor(0.8141),tensor(5.8105e-10),tensor(0.1859)
tensor(0.8209),tensor(0.0020),tensor(0.1771)
tensor(0.1933),tensor(2.5912e-08),tensor(0.8067)
tensor(0.6927),tensor(1.8583e-07),tensor(0.3073)
tensor(0.4746),tensor(1.7337e-10),tensor(0.5254)
tensor(0.6927),tensor(1.8583e-07),tensor(0.3073)
tensor(0.3945),tensor(3.9456e-05),tensor(0.6054)
tensor(0.6927),tensor(1.8583e-07),tensor(0.3073)
tensor(0.2217),tensor(6.6419e-11),tensor(0.7783)
tensor(0.9319),tensor(1.6244e-09),tensor(0.0681)
tensor(0.0843),tensor(2.5709e-17),tensor(0.9157)
tensor(8.4552e-22),tensor(1.1551e-35),tensor(1.)
tensor(0.9760),tensor(2.1135e-20),tensor(0.0240)
tensor(0.8037),tensor(4.1762e-17),tensor(0.1963)
tensor(0.9909),tensor(3.8868e-23),tensor(0.0091)
tensor(0.8037),tensor(4.1762e-17),tensor(0.1963)
tensor(0.9757),tensor(1.1605e-23),tensor(0.0243)
tensor(0.6542),tensor(1.5952e-15),tensor(0.3458)
tensor(0.2125),tensor(1.6395e-08),tensor(0.7875)
tensor(0.8929),tensor(2.0840e-12),tensor(0.1071)
tensor(0.9755),tensor(8.4300e-13),tensor(0.0245)
tensor(0.3595),tensor(3.5376e-16),tensor(0.6405)
tensor(0.9384),tensor(2.4134e-21),tensor(0.0616)
tensor(0.0190),tensor(3.4890e-31),tensor(0.9810)
tensor(0.9888),tensor(3.3690e-25),tensor(0.0112)
tensor(0.9815),tensor(4.0978e-24),tensor(0.0185)
tensor(0.9743),tensor(8.6683e-09),tensor(0.0257)
tensor(0.9543),tensor(1.1109e-10),tensor(0.0457)
tensor(0.8854),tensor(1.8646e-08),tensor(0.1146)
tensor(0.9652),tensor(3.6138e-12),tensor(0.0348)
tensor(0.1533),tensor(1.1457e-15),tensor(0.8467)
tensor(7.1199e-08),tensor(1.9978e-30),tensor(1.0000)
tensor(0.7371),tensor(5.9163e-15),tensor(0.2629)
tensor(0.8517),tensor(9.1639e-18),tensor(0.1483)
tensor(0.8780),tensor(1.3462e-11),tensor(0.1220)
tensor(0.3799),tensor(1.4873e-06),tensor(0.6201)
tensor(0.6462),tensor(5.4242e-06),tensor(0.3538)
tensor(0.0134),tensor(2.3361e-15),tensor(0.9866)
tensor(0.7371),tensor(5.9163e-15),tensor(0.2629)
tensor(0.1891),tensor(7.1304e-08),tensor(0.8109)
tensor(0.6768),tensor(1.3895e-12),tensor(0.3232)
tensor(0.6088),tensor(0.0743),tensor(0.3168)
tensor(1.),tensor(1.8515e-28),tensor(1.8515e-28)
tensor(1.4121e-09),tensor(9.7945e-12),tensor(1.)
tensor(0.9261),tensor(2.2430e-14),tensor(0.0739)
tensor(0.6434),tensor(9.2190e-12),tensor(0.3566)
tensor(0.6570),tensor(5.6551e-13),tensor(0.3430)
tensor(0.0109),tensor(1.8727e-11),tensor(0.9891)
tensor(0.5572),tensor(2.0593e-12),tensor(0.4428)
tensor(0.8181),tensor(0.0007),tensor(0.1812)
tensor(0.0031),tensor(1.1926e-14),tensor(0.9969)
tensor(0.9144),tensor(4.2243e-09),tensor(0.0856)
tensor(0.2097),tensor(6.7440e-21),tensor(0.7903)
tensor(8.8194e-06),tensor(1.6400e-18),tensor(1.0000)
tensor(0.2923),tensor(3.1718e-13),tensor(0.7077)
tensor(1.0000),tensor(3.7857e-09),tensor(2.6407e-06)
tensor(0.9778),tensor(8.6993e-09),tensor(0.0222)
tensor(0.0038),tensor(5.9575e-10),tensor(0.9962)
tensor(0.6051),tensor(5.4692e-11),tensor(0.3949)
tensor(1.0000),tensor(4.0872e-12),tensor(6.0966e-06)
tensor(0.8562),tensor(5.4059e-15),tensor(0.1438)
tensor(0.9122),tensor(2.1291e-12),tensor(0.0878)
tensor(0.6447),tensor(0.0087),tensor(0.3465)
tensor(0.9524),tensor(8.7112e-13),tensor(0.0476)
tensor(0.9790),tensor(8.4605e-13),tensor(0.0210)
tensor(0.2634),tensor(2.5918e-16),tensor(0.7366)
tensor(0.9251),tensor(1.5660e-11),tensor(0.0749)
tensor(0.9448),tensor(1.3925e-17),tensor(0.0552)
tensor(1.4118e-16),tensor(6.1117e-36),tensor(1.)
tensor(3.3691e-06),tensor(3.1228e-31),tensor(1.0000)
tensor(0.8337),tensor(5.1691e-15),tensor(0.1663)
tensor(0.9684),tensor(3.3348e-25),tensor(0.0316)
tensor(0.1121),tensor(1.8544e-38),tensor(0.8879)
tensor(1.),tensor(3.1903e-08),tensor(4.7951e-38)
tensor(0.0161),tensor(0.9756),tensor(0.0084)
tensor(0.0426),tensor(8.3763e-14),tensor(0.9574)
tensor(0.9405),tensor(5.0726e-12),tensor(0.0595)
tensor(0.9928),tensor(7.7284e-11),tensor(0.0072)
tensor(0.9777),tensor(2.6921e-09),tensor(0.0223)
tensor(0.7614),tensor(0.2220),tensor(0.0166)
tensor(0.0919),tensor(2.5679e-25),tensor(0.9081)
tensor(0.0426),tensor(1.1549e-16),tensor(0.9574)
tensor(7.0420e-06),tensor(6.9988e-11),tensor(1.0000)
tensor(0.0006),tensor(1.1930e-12),tensor(0.9994)
tensor(2.0913e-05),tensor(7.7581e-09),tensor(1.0000)
tensor(0.6519),tensor(4.9106e-17),tensor(0.3481)
tensor(0.6206),tensor(4.0088e-15),tensor(0.3794)
tensor(0.1471),tensor(6.5952e-32),tensor(0.8529)
tensor(0.9720),tensor(1.4677e-12),tensor(0.0280)
tensor(0.0028),tensor(7.5082e-17),tensor(0.9972)
tensor(0.9720),tensor(1.4677e-12),tensor(0.0280)
tensor(0.6598),tensor(1.7944e-10),tensor(0.3402)
tensor(2.8530e-13),tensor(1.2350e-32),tensor(1.)
tensor(0.9264),tensor(6.1508e-19),tensor(0.0736)
tensor(0.2217),tensor(1.6661e-35),tensor(0.7783)
tensor(0.0002),tensor(1.9588e-29),tensor(0.9998)
tensor(0.7075),tensor(1.0759e-06),tensor(0.2925)
tensor(0.0009),tensor(0.0012),tensor(0.9979)
tensor(0.0037),tensor(0.0143),tensor(0.9820)
tensor(2.2355e-08),tensor(1.3833e-20),tensor(1.)
tensor(0.0416),tensor(5.8266e-08),tensor(0.9584)
tensor(1.5865e-05),tensor(9.2310e-08),tensor(1.0000)
tensor(0.3564),tensor(0.0001),tensor(0.6434)
tensor(0.0276),tensor(0.1132),tensor(0.8592)
tensor(0.7075),tensor(1.0759e-06),tensor(0.2925)
tensor(0.0276),tensor(0.1132),tensor(0.8592)
tensor(0.2581),tensor(2.3003e-11),tensor(0.7419)
tensor(0.0404),tensor(1.1969e-07),tensor(0.9596)
tensor(0.0251),tensor(0.0002),tensor(0.9747)
tensor(0.9024),tensor(3.0548e-05),tensor(0.0976)
tensor(0.0003),tensor(1.4267e-08),tensor(0.9997)
tensor(8.3081e-05),tensor(0.8132),tensor(0.1867)
tensor(0.3567),tensor(0.0004),tensor(0.6430)
tensor(0.2907),tensor(0.0031),tensor(0.7062)
tensor(2.4347e-07),tensor(1.6889e-15),tensor(1.0000)
tensor(0.1384),tensor(5.8146e-06),tensor(0.8616)
tensor(0.1065),tensor(0.0011),tensor(0.8924)
tensor(0.0950),tensor(2.6261e-05),tensor(0.9050)
tensor(0.6615),tensor(2.7870e-10),tensor(0.3385)
tensor(0.7115),tensor(5.0780e-10),tensor(0.2885)
tensor(0.0799),tensor(0.0051),tensor(0.9151)
tensor(0.4633),tensor(1.2428e-07),tensor(0.5367)
tensor(0.2929),tensor(1.1420e-08),tensor(0.7071)
tensor(0.7969),tensor(9.1704e-05),tensor(0.2030)
tensor(0.2998),tensor(2.9981e-05),tensor(0.7002)
tensor(0.7045),tensor(2.4306e-11),tensor(0.2955)
tensor(0.1947),tensor(0.6357),tensor(0.1696)
tensor(0.5457),tensor(1.4640e-07),tensor(0.4543)
tensor(0.5329),tensor(8.1572e-05),tensor(0.4670)
tensor(0.4952),tensor(2.4379e-05),tensor(0.5048)
tensor(0.1933),tensor(2.5912e-08),tensor(0.8067)
tensor(1.),tensor(2.5564e-34),tensor(1.7019e-19)
tensor(0.8651),tensor(4.1220e-32),tensor(0.1349)
tensor(1.4906e-16),tensor(1.3844e-31),tensor(1.)
tensor(1.),tensor(6.4368e-19),tensor(1.7762e-11)
tensor(0.5806),tensor(1.0209e-05),tensor(0.4194)
tensor(0.9971),tensor(2.6240e-12),tensor(0.0029)
tensor(0.9979),tensor(2.9998e-28),tensor(0.0021)
tensor(0.3204),tensor(5.0640e-26),tensor(0.6796)
tensor(1.),tensor(2.0054e-23),tensor(1.8622e-16)
tensor(0.9414),tensor(4.3492e-09),tensor(0.0586)
tensor(0.0033),tensor(6.4457e-15),tensor(0.9967)
tensor(6.9646e-08),tensor(4.3306e-14),tensor(1.0000)
tensor(0.2961),tensor(1.1727e-13),tensor(0.7039)
tensor(0.9983),tensor(2.6323e-07),tensor(0.0017)
tensor(0.2961),tensor(1.1727e-13),tensor(0.7039)
tensor(0.9838),tensor(2.2241e-22),tensor(0.0162)
tensor(0.9906),tensor(2.4296e-11),tensor(0.0094)
tensor(0.9838),tensor(2.2241e-22),tensor(0.0162)
tensor(0.3504),tensor(3.8027e-13),tensor(0.6496)
tensor(0.9838),tensor(2.2241e-22),tensor(0.0162)
tensor(0.9906),tensor(2.4296e-11),tensor(0.0094)
tensor(9.1926e-06),tensor(1.7094e-18),tensor(1.0000)
tensor(3.3864e-09),tensor(1.5573e-25),tensor(1.)
tensor(0.9701),tensor(2.0514e-24),tensor(0.0299)
tensor(0.9842),tensor(4.9761e-13),tensor(0.0158)
tensor(0.8964),tensor(1.9121e-12),tensor(0.1036)
tensor(0.9680),tensor(9.9598e-13),tensor(0.0320)
tensor(0.9779),tensor(8.7449e-14),tensor(0.0221)
tensor(0.9671),tensor(1.5270e-12),tensor(0.0329)
tensor(0.9846),tensor(3.6634e-27),tensor(0.0154)
tensor(0.9787),tensor(5.6180e-06),tensor(0.0213)
tensor(0.9999),tensor(2.1972e-08),tensor(5.3871e-05)
tensor(0.9943),tensor(5.9903e-07),tensor(0.0057)
tensor(9.9446e-07),tensor(1.4413e-10),tensor(1.0000)
tensor(0.0029),tensor(1.0544e-08),tensor(0.9971)
tensor(0.2979),tensor(3.8186e-10),tensor(0.7021)
tensor(0.0635),tensor(1.7810e-11),tensor(0.9365)
tensor(0.0225),tensor(0.0290),tensor(0.9485)
tensor(0.7643),tensor(1.0854e-11),tensor(0.2357)
tensor(0.9173),tensor(3.7490e-13),tensor(0.0827)
tensor(0.9762),tensor(8.4365e-13),tensor(0.0238)
tensor(0.3192),tensor(3.1405e-16),tensor(0.6808)
tensor(1.2220e-07),tensor(7.2388e-15),tensor(1.0000)
tensor(8.6262e-14),tensor(1.0304e-17),tensor(1.)
tensor(3.8002e-15),tensor(0.0219),tensor(0.9781)
tensor(1.6291e-06),tensor(0.0018),tensor(0.9982)
tensor(2.4788e-06),tensor(1.8588e-35),tensor(1.0000)
tensor(0.4160),tensor(9.0196e-28),tensor(0.5840)
tensor(0.0021),tensor(1.4459e-06),tensor(0.9979)
tensor(0.7379),tensor(0.1300),tensor(0.1321)
tensor(0.9908),tensor(1.2810e-16),tensor(0.0092)
tensor(0.9949),tensor(2.8184e-20),tensor(0.0051)
tensor(0.9579),tensor(3.8976e-12),tensor(0.0421)
tensor(0.9733),tensor(5.6559e-17),tensor(0.0267)
tensor(0.0539),tensor(0.0012),tensor(0.9448)
tensor(0.8398),tensor(0.0021),tensor(0.1581)
tensor(0.8398),tensor(0.0021),tensor(0.1581)
tensor(1.),tensor(1.6159e-28),tensor(1.7017e-25)
tensor(0.0595),tensor(9.1860e-06),tensor(0.9405)
tensor(0.9968),tensor(2.6627e-11),tensor(0.0032)
tensor(0.8550),tensor(1.0113e-05),tensor(0.1450)
tensor(0.0149),tensor(1.1967e-08),tensor(0.9851)
tensor(0.9993),tensor(2.1453e-09),tensor(0.0007)
tensor(0.9996),tensor(0.0002),tensor(0.0002)
tensor(0.6584),tensor(6.9053e-10),tensor(0.3416)
tensor(0.8728),tensor(5.7488e-10),tensor(0.1272)
tensor(0.0066),tensor(0.9934),tensor(5.1636e-05)
tensor(0.7318),tensor(2.0189e-08),tensor(0.2682)
tensor(0.0161),tensor(0.9788),tensor(0.0050)
tensor(0.0928),tensor(3.2865e-08),tensor(0.9072)
tensor(1.0236e-13),tensor(8.9434e-11),tensor(1.)
tensor(7.5786e-14),tensor(9.0522e-18),tensor(1.)
tensor(0.9575),tensor(6.6602e-10),tensor(0.0425)
tensor(0.9755),tensor(2.0077e-07),tensor(0.0245)
tensor(0.9781),tensor(2.0941e-07),tensor(0.0219)
tensor(0.9755),tensor(2.0077e-07),tensor(0.0245)
tensor(0.8950),tensor(4.6374e-13),tensor(0.1050)
tensor(0.9755),tensor(0.0009),tensor(0.0237)
tensor(0.2481),tensor(3.6059e-12),tensor(0.7519)
tensor(0.9808),tensor(2.0186e-07),tensor(0.0192)
tensor(0.9641),tensor(6.7057e-10),tensor(0.0359)
tensor(0.9690),tensor(7.5789e-14),tensor(0.0310)
tensor(1.0000),tensor(4.0872e-12),tensor(6.0966e-06)
tensor(0.0069),tensor(5.5956e-11),tensor(0.9931)
tensor(0.0070),tensor(8.8681e-19),tensor(0.9930)
tensor(0.7367),tensor(1.4059e-18),tensor(0.2633)
tensor(0.0019),tensor(3.4821e-09),tensor(0.9981)
tensor(1.0184e-05),tensor(2.8057e-17),tensor(1.0000)
tensor(3.4471e-09),tensor(3.9704e-19),tensor(1.)
tensor(0.9997),tensor(5.8694e-19),tensor(0.0003)
tensor(0.6904),tensor(2.5182e-29),tensor(0.3096)
tensor(0.7992),tensor(8.1425e-18),tensor(0.2008)
tensor(0.0024),tensor(1.0603e-23),tensor(0.9976)
tensor(0.5443),tensor(8.6551e-31),tensor(0.4557)
tensor(0.1603),tensor(4.4776e-25),tensor(0.8397)
tensor(5.8592e-07),tensor(1.6441e-29),tensor(1.0000)
tensor(0.8383),tensor(5.1973e-15),tensor(0.1617)
tensor(0.8213),tensor(3.2111e-15),tensor(0.1787)
tensor(0.9522),tensor(6.7990e-23),tensor(0.0478)
tensor(0.9316),tensor(4.7144e-26),tensor(0.0684)
tensor(0.9522),tensor(6.7990e-23),tensor(0.0478)
tensor(0.9601),tensor(4.3790e-35),tensor(0.0399)
tensor(1.3454e-07),tensor(7.9696e-15),tensor(1.0000)
tensor(0.0018),tensor(2.0136e-17),tensor(0.9982)
tensor(1.3454e-07),tensor(7.9696e-15),tensor(1.0000)
tensor(1.1565e-13),tensor(1.3814e-17),tensor(1.)
tensor(0.9900),tensor(2.9907e-11),tensor(0.0100)
tensor(0.0003),tensor(2.9525e-09),tensor(0.9997)
tensor(1.1193e-13),tensor(1.3370e-17),tensor(1.)
tensor(9.7708e-07),tensor(1.9035e-24),tensor(1.0000)
tensor(0.0018),tensor(4.6556e-14),tensor(0.9982)
tensor(0.3436),tensor(1.0967e-14),tensor(0.6564)
tensor(0.8202),tensor(0.0007),tensor(0.1791)
tensor(0.0051),tensor(1.2244e-07),tensor(0.9949)
tensor(4.5386e-08),tensor(1.1915e-09),tensor(1.)
tensor(1.),tensor(1.6159e-28),tensor(2.7397e-28)
tensor(0.0397),tensor(6.1667e-07),tensor(0.9603)
tensor(0.9796),tensor(2.1211e-20),tensor(0.0204)
tensor(0.8133),tensor(4.2265e-17),tensor(0.1867)
tensor(0.9126),tensor(4.2472e-23),tensor(0.0874)
tensor(0.2744),tensor(4.3363e-26),tensor(0.7256)
tensor(0.1035),tensor(1.1562e-06),tensor(0.8965)
tensor(0.0008),tensor(3.8919e-24),tensor(0.9992)
tensor(1.0543e-05),tensor(1.4382e-07),tensor(1.0000)
tensor(0.1226),tensor(8.3614e-29),tensor(0.8774)
tensor(7.0859e-14),tensor(1.1385e-31),tensor(1.)
tensor(1.2205e-07),tensor(3.4247e-30),tensor(1.0000)
tensor(0.9142),tensor(1.7474e-12),tensor(0.0858)
tensor(0.9570),tensor(1.8930e-10),tensor(0.0430)
tensor(0.9826),tensor(4.1025e-24),tensor(0.0174)
tensor(0.9021),tensor(1.9935e-07),tensor(0.0979)
tensor(0.0005),tensor(3.9314e-09),tensor(0.9995)
tensor(9.1180e-08),tensor(5.4012e-15),tensor(1.0000)
tensor(6.8984e-14),tensor(8.2397e-18),tensor(1.)
tensor(0.9792),tensor(2.0073e-12),tensor(0.0208)
tensor(0.6533),tensor(5.7704e-05),tensor(0.3466)
tensor(0.8794),tensor(1.9309e-12),tensor(0.1206)
tensor(0.9746),tensor(0.0009),tensor(0.0245)
tensor(6.4966e-09),tensor(7.0230e-30),tensor(1.)
tensor(0.0909),tensor(2.5132e-05),tensor(0.9091)
tensor(0.2687),tensor(0.0029),tensor(0.7284)
tensor(0.9924),tensor(5.7743e-08),tensor(0.0076)
tensor(0.0062),tensor(1.5258e-06),tensor(0.9938)
tensor(0.8346),tensor(7.3929e-12),tensor(0.1654)
tensor(0.9518),tensor(8.2993e-07),tensor(0.0482)
tensor(0.9858),tensor(2.5942e-12),tensor(0.0142)
tensor(0.1234),tensor(9.3128e-10),tensor(0.8766)
tensor(0.1899),tensor(7.1641e-08),tensor(0.8101)
tensor(0.1347),tensor(4.3788e-07),tensor(0.8653)
tensor(0.6615),tensor(6.6649e-10),tensor(0.3385)
tensor(6.6713e-05),tensor(2.4631e-08),tensor(0.9999)
tensor(0.6615),tensor(6.6649e-10),tensor(0.3385)
tensor(0.3948),tensor(2.6761e-19),tensor(0.6052)
tensor(0.8378),tensor(3.2113e-10),tensor(0.1622)
tensor(0.3948),tensor(2.6761e-19),tensor(0.6052)
tensor(0.6468),tensor(5.2230e-11),tensor(0.3532)
tensor(0.8409),tensor(4.6287e-14),tensor(0.1591)
tensor(0.9440),tensor(1.7560e-19),tensor(0.0560)
tensor(0.6615),tensor(6.6649e-10),tensor(0.3385)
tensor(0.1347),tensor(4.3788e-07),tensor(0.8653)
tensor(0.5438),tensor(7.9158e-11),tensor(0.4562)
tensor(0.6042),tensor(0.0738),tensor(0.3221)
tensor(0.0745),tensor(1.1406e-12),tensor(0.9255)
tensor(0.0015),tensor(3.9076e-27),tensor(0.9985)
tensor(3.7857e-10),tensor(1.1749e-19),tensor(1.)
tensor(0.6999),tensor(1.3170e-18),tensor(0.3001)
tensor(0.0251),tensor(7.7133e-19),tensor(0.9749)
tensor(0.9992),tensor(3.8847e-15),tensor(0.0008)
tensor(0.0051),tensor(1.2182e-07),tensor(0.9949)
tensor(1.),tensor(9.5396e-20),tensor(2.2623e-15)
tensor(1.),tensor(5.1813e-13),tensor(2.9051e-37)
tensor(0.9764),tensor(0.0009),tensor(0.0227)
tensor(0.2023),tensor(0.0040),tensor(0.7937)
tensor(2.1202e-17),tensor(0.9446),tensor(0.0554)
tensor(0.0437),tensor(7.9426e-08),tensor(0.9563)
tensor(1.1948e-11),tensor(0.0004),tensor(0.9996)
tensor(0.8502),tensor(0.1498),tensor(1.0579e-13)
tensor(0.2192),tensor(4.3598e-17),tensor(0.7808)
tensor(0.3898),tensor(1.1955e-17),tensor(0.6102)
tensor(0.3099),tensor(1.2049e-15),tensor(0.6901)
tensor(0.6249),tensor(5.7689e-12),tensor(0.3751)
tensor(0.0006),tensor(1.1872e-12),tensor(0.9994)
tensor(0.0001),tensor(4.0158e-08),tensor(0.9999)
tensor(0.0319),tensor(4.4685e-08),tensor(0.9681)
tensor(0.0078),tensor(3.1891e-08),tensor(0.9922)
tensor(0.0010),tensor(0.9298),tensor(0.0692)
tensor(1.6801e-08),tensor(1.0397e-20),tensor(1.)
tensor(2.0377e-07),tensor(1.4135e-15),tensor(1.0000)
tensor(6.6601e-10),tensor(1.9491e-29),tensor(1.)
tensor(0.0010),tensor(0.9298),tensor(0.0692)
tensor(3.6759e-09),tensor(2.5497e-11),tensor(1.)
tensor(0.0094),tensor(5.0945e-07),tensor(0.9906)
tensor(0.0023),tensor(1.1205e-14),tensor(0.9977)
tensor(0.0143),tensor(0.0092),tensor(0.9765)
tensor(0.0002),tensor(0.0003),tensor(0.9995)
tensor(0.9809),tensor(8.5649e-13),tensor(0.0191)
tensor(0.9671),tensor(4.2950e-11),tensor(0.0329)
tensor(0.5459),tensor(9.4502e-09),tensor(0.4541)
tensor(0.4104),tensor(1.7249e-22),tensor(0.5896)
tensor(0.9998),tensor(0.0002),tensor(2.8140e-08)
tensor(0.9959),tensor(7.0341e-07),tensor(0.0041)
tensor(0.0003),tensor(0.0539),tensor(0.9458)
tensor(0.8917),tensor(1.2295e-12),tensor(0.1083)
tensor(0.3189),tensor(0.2385),tensor(0.4427)
tensor(0.9356),tensor(0.0644),tensor(1.3061e-07)
tensor(0.1785),tensor(0.8183),tensor(0.0032)
tensor(0.9354),tensor(1.9040e-09),tensor(0.0646)
tensor(0.3890),tensor(0.6085),tensor(0.0024)
tensor(0.0161),tensor(0.9740),tensor(0.0099)
tensor(0.0307),tensor(4.3061e-08),tensor(0.9693)
tensor(0.8936),tensor(3.0251e-05),tensor(0.1063)
tensor(0.6700),tensor(2.8230e-10),tensor(0.3300)
tensor(0.7874),tensor(1.0261e-15),tensor(0.2126)
tensor(0.9111),tensor(7.8554e-21),tensor(0.0889)
tensor(1.),tensor(2.5153e-21),tensor(1.2314e-08)
tensor(0.0215),tensor(1.4802e-25),tensor(0.9785)
tensor(0.9358),tensor(8.4329e-20),tensor(0.0642)
tensor(0.7860),tensor(1.0020e-15),tensor(0.2140)
tensor(0.8050),tensor(3.8468e-18),tensor(0.1950)
tensor(0.7860),tensor(1.0020e-15),tensor(0.2140)
tensor(0.7455),tensor(1.1334e-21),tensor(0.2545)
tensor(0.9668),tensor(6.8266e-20),tensor(0.0332)
tensor(0.8596),tensor(1.9064e-16),tensor(0.1404)
tensor(0.6767),tensor(4.2264e-15),tensor(0.3233)
tensor(0.7887),tensor(1.0278e-15),tensor(0.2113)
tensor(0.8371),tensor(2.3958e-26),tensor(0.1629)
tensor(0.8596),tensor(1.9064e-16),tensor(0.1404)
tensor(0.7378),tensor(8.0575e-22),tensor(0.2622)
tensor(0.7455),tensor(1.1334e-21),tensor(0.2545)
tensor(0.9316),tensor(4.7145e-26),tensor(0.0684)
tensor(0.9841),tensor(1.0896e-22),tensor(0.0159)
tensor(0.9593),tensor(4.3752e-35),tensor(0.0407)
tensor(0.6428),tensor(5.9341e-12),tensor(0.3572)
tensor(0.0026),tensor(6.7929e-15),tensor(0.9974)
tensor(0.2429),tensor(6.9388e-10),tensor(0.7571)
tensor(0.0223),tensor(3.9044e-34),tensor(0.9777)
tensor(5.1787e-07),tensor(1.4531e-29),tensor(1.0000)
tensor(0.7031),tensor(5.9853e-14),tensor(0.2969)
tensor(0.5180),tensor(2.2729e-18),tensor(0.4820)
tensor(0.8632),tensor(1.3207e-16),tensor(0.1368)
tensor(0.3135),tensor(1.4275e-14),tensor(0.6865)
tensor(0.1251),tensor(0.6617),tensor(0.2132)
tensor(0.9996),tensor(0.0002),tensor(0.0002)
tensor(1.),tensor(3.5717e-35),tensor(6.0919e-14)
tensor(0.8415),tensor(1.3070e-05),tensor(0.1585)
tensor(0.1385),tensor(3.9584e-12),tensor(0.8615)
tensor(9.0392e-07),tensor(5.0489e-19),tensor(1.0000)
tensor(0.0014),tensor(9.4429e-17),tensor(0.9986)
tensor(0.9750),tensor(1.8182e-13),tensor(0.0250)
tensor(0.2989),tensor(2.9411e-16),tensor(0.7011)
tensor(0.9909),tensor(2.8129e-22),tensor(0.0091)
tensor(0.9473),tensor(1.9970e-08),tensor(0.0527)
tensor(0.9848),tensor(6.0668e-13),tensor(0.0152)
tensor(0.9139),tensor(2.0932e-21),tensor(0.0861)
tensor(0.3805),tensor(1.5990e-22),tensor(0.6195)
tensor(0.9087),tensor(3.0897e-19),tensor(0.0913)
tensor(0.9899),tensor(1.7937e-38),tensor(0.0101)
tensor(0.9862),tensor(1.4799e-30),tensor(0.0138)
tensor(0.9921),tensor(4.8545e-32),tensor(0.0079)
tensor(0.9926),tensor(1.7085e-39),tensor(0.0074)
tensor(0.9967),tensor(6.9233e-26),tensor(0.0033)
tensor(0.9926),tensor(1.7085e-39),tensor(0.0074)
tensor(0.9813),tensor(6.1651e-28),tensor(0.0187)
tensor(1.),tensor(2.5564e-34),tensor(2.7374e-12)
tensor(0.9895),tensor(5.3607e-33),tensor(0.0105)
tensor(0.9808),tensor(4.6731e-32),tensor(0.0192)
tensor(0.9679),tensor(1.4641e-09),tensor(0.0321)
tensor(1.0000),tensor(6.4250e-10),tensor(3.2403e-07)
tensor(0.9920),tensor(5.0956e-09),tensor(0.0080)
tensor(0.0212),tensor(1.0176e-07),tensor(0.9788)
tensor(1.),tensor(2.0043e-27),tensor(6.5415e-24)
tensor(0.0212),tensor(1.0176e-07),tensor(0.9788)
tensor(0.9977),tensor(5.7271e-06),tensor(0.0023)
tensor(1.),tensor(1.8975e-34),tensor(7.3720e-17)
tensor(0.9999),tensor(5.7743e-05),tensor(8.0846e-05)
tensor(0.9578),tensor(5.7705e-07),tensor(0.0422)
tensor(1.3904e-05),tensor(3.5571e-25),tensor(1.0000)
tensor(1.),tensor(1.2509e-19),tensor(1.3532e-38)
tensor(0.9805),tensor(5.0395e-16),tensor(0.0195)
tensor(2.3004e-07),tensor(1.6197e-26),tensor(1.0000)
tensor(0.0024),tensor(3.7809e-13),tensor(0.9976)
tensor(0.0484),tensor(1.3592e-15),tensor(0.9516)
tensor(1.3693e-11),tensor(3.8328e-21),tensor(1.)
tensor(0.8507),tensor(4.9770e-19),tensor(0.1493)
tensor(0.9323),tensor(4.7180e-26),tensor(0.0677)
tensor(0.8507),tensor(4.9770e-19),tensor(0.1493)
tensor(0.9695),tensor(3.3388e-25),tensor(0.0305)
tensor(0.4749),tensor(4.0729e-38),tensor(0.5251)
tensor(0.9673),tensor(6.8306e-20),tensor(0.0327)
tensor(0.9368),tensor(8.4418e-20),tensor(0.0632)
tensor(0.7004),tensor(4.3748e-15),tensor(0.2996)
tensor(0.8977),tensor(5.9676e-15),tensor(0.1023)
tensor(0.7670),tensor(4.0972e-21),tensor(0.2330)
tensor(0.9603),tensor(4.3798e-35),tensor(0.0397)
tensor(9.9879e-08),tensor(2.8026e-30),tensor(1.0000)
tensor(0.1021),tensor(1.1408e-06),tensor(0.8979)
tensor(0.6697),tensor(6.3118e-14),tensor(0.3303)
tensor(0.7699),tensor(4.5187e-10),tensor(0.2301)
tensor(0.6697),tensor(6.3118e-14),tensor(0.3303)
tensor(0.0001),tensor(0.9990),tensor(0.0008)
tensor(0.2472),tensor(2.1467e-14),tensor(0.7528)
tensor(7.0903e-06),tensor(7.1511e-15),tensor(1.0000)
tensor(0.9979),tensor(1.8412e-08),tensor(0.0021)
tensor(0.0079),tensor(2.9192e-06),tensor(0.9921)
tensor(0.9705),tensor(1.4654e-12),tensor(0.0295)
tensor(0.9821),tensor(4.1006e-24),tensor(0.0179)
tensor(0.7064),tensor(1.7339e-14),tensor(0.2936)
tensor(1.0000),tensor(1.5642e-12),tensor(3.4209e-07)
tensor(7.2555e-05),tensor(2.6788e-08),tensor(0.9999)
tensor(0.6820),tensor(6.8720e-10),tensor(0.3180)
tensor(0.6879),tensor(1.6729e-13),tensor(0.3121)
tensor(0.9427),tensor(6.0929e-18),tensor(0.0573)
tensor(0.4913),tensor(2.8544e-12),tensor(0.5087)
tensor(0.8844),tensor(9.5297e-14),tensor(0.1156)
tensor(0.2325),tensor(2.2727e-16),tensor(0.7675)
tensor(0.0005),tensor(1.9168e-07),tensor(0.9995)
tensor(1.),tensor(1.8975e-34),tensor(7.2263e-10)
tensor(0.0051),tensor(1.6877e-13),tensor(0.9949)
tensor(0.0079),tensor(7.0587e-18),tensor(0.9921)
tensor(0.7319),tensor(1.7965e-14),tensor(0.2681)
tensor(0.6706),tensor(1.0490e-12),tensor(0.3294)
tensor(0.0179),tensor(3.8444e-22),tensor(0.9821)
tensor(0.0378),tensor(2.3966e-15),tensor(0.9622)
tensor(0.4900),tensor(1.3156e-30),tensor(0.5100)
tensor(0.2796),tensor(6.2376e-27),tensor(0.7204)
tensor(0.9189),tensor(6.1014e-19),tensor(0.0811)
tensor(0.1829),tensor(1.3747e-35),tensor(0.8171)
tensor(0.9939),tensor(1.9761e-22),tensor(0.0061)
tensor(0.9837),tensor(4.1073e-24),tensor(0.0163)
tensor(0.9720),tensor(2.0554e-24),tensor(0.0280)
tensor(0.9904),tensor(1.2504e-23),tensor(0.0096)
tensor(0.9720),tensor(2.0554e-24),tensor(0.0280)
tensor(0.9861),tensor(4.9853e-13),tensor(0.0139)
tensor(0.9932),tensor(2.6725e-27),tensor(0.0068)
tensor(0.9525),tensor(2.1036e-20),tensor(0.0475)
tensor(0.9589),tensor(6.7350e-14),tensor(0.0411)
tensor(0.9859),tensor(3.5038e-14),tensor(0.0141)
tensor(0.9867),tensor(4.2149e-20),tensor(0.0133)
tensor(0.9574),tensor(1.0221e-15),tensor(0.0426)
tensor(0.9867),tensor(4.2149e-20),tensor(0.0133)
tensor(0.9857),tensor(1.1395e-24),tensor(0.0143)
tensor(0.9992),tensor(3.8847e-15),tensor(0.0008)
tensor(1.1767e-10),tensor(7.8716e-06),tensor(1.0000)
tensor(0.0002),tensor(0.0003),tensor(0.9995)
tensor(4.3815e-05),tensor(1.9905e-07),tensor(1.0000)
tensor(1.0000),tensor(1.5498e-05),tensor(3.4416e-06)
tensor(0.5750),tensor(5.0099e-09),tensor(0.4250)
tensor(0.6633),tensor(5.3560e-11),tensor(0.3367)
tensor(0.8587),tensor(4.7267e-14),tensor(0.1413)
tensor(0.3199),tensor(2.6499e-07),tensor(0.6801)
tensor(0.8637),tensor(3.3106e-10),tensor(0.1363)
tensor(0.7565),tensor(3.0869e-15),tensor(0.2435)
tensor(0.8618),tensor(6.9410e-14),tensor(0.1382)
tensor(0.1411),tensor(4.5873e-07),tensor(0.8589)
tensor(1.8552e-05),tensor(1.1378e-05),tensor(1.0000)
tensor(0.8664),tensor(4.4800e-12),tensor(0.1336)
tensor(0.9427),tensor(6.0929e-18),tensor(0.0573)
tensor(0.4913),tensor(2.8544e-12),tensor(0.5087)
tensor(0.4219),tensor(1.6516e-06),tensor(0.5781)
tensor(0.8715),tensor(8.3967e-08),tensor(0.1285)
tensor(0.6014),tensor(1.1920e-10),tensor(0.3986)
tensor(0.6268),tensor(9.1245e-11),tensor(0.3732)
tensor(0.4219),tensor(1.6516e-06),tensor(0.5781)
tensor(0.1377),tensor(1.0390e-09),tensor(0.8623)
tensor(4.3173e-07),tensor(2.2048e-12),tensor(1.0000)
tensor(0.7661),tensor(6.1493e-15),tensor(0.2339)
tensor(0.8640),tensor(9.2963e-18),tensor(0.1360)
tensor(0.1377),tensor(1.0390e-09),tensor(0.8623)
tensor(4.3173e-07),tensor(2.2048e-12),tensor(1.0000)
tensor(0.7878),tensor(6.6124e-06),tensor(0.2122)
tensor(0.0901),tensor(1.5485e-12),tensor(0.9099)
tensor(0.0947),tensor(3.7417e-08),tensor(0.9053)
tensor(2.8016e-07),tensor(7.8612e-30),tensor(1.0000)
tensor(0.9883),tensor(3.3673e-25),tensor(0.0117)
tensor(0.9943),tensor(1.9770e-22),tensor(0.0057)
tensor(0.9821),tensor(4.1006e-24),tensor(0.0179)
tensor(0.9760),tensor(2.1135e-20),tensor(0.0240)
tensor(0.9931),tensor(1.0000e-20),tensor(0.0069)
tensor(0.9879),tensor(3.8886e-21),tensor(0.0121)
tensor(0.9638),tensor(2.9574e-22),tensor(0.0362)
tensor(3.8574e-10),tensor(1.7011e-20),tensor(1.)
tensor(2.6333e-20),tensor(2.9854e-16),tensor(1.)
tensor(1.),tensor(3.1168e-19),tensor(1.2615e-35)
tensor(0.0007),tensor(2.5686e-07),tensor(0.9993)
tensor(5.2706e-08),tensor(0.0004),tensor(0.9996)
tensor(1.8354e-08),tensor(1.1358e-20),tensor(1.)
tensor(0.0036),tensor(0.0136),tensor(0.9829)
tensor(0.8990),tensor(3.0433e-05),tensor(0.1010)
tensor(2.1670e-07),tensor(1.5032e-15),tensor(1.0000)
tensor(0.2796),tensor(0.0030),tensor(0.7174)
tensor(2.1670e-07),tensor(1.5032e-15),tensor(1.0000)
tensor(0.0009),tensor(2.2413e-15),tensor(0.9991)
tensor(0.3425),tensor(0.0004),tensor(0.6571)
tensor(8.2543e-05),tensor(0.8079),tensor(0.1920)
tensor(0.0010),tensor(0.9306),tensor(0.0684)
tensor(0.0848),tensor(2.7950e-28),tensor(0.9152)
tensor(0.0001),tensor(0.5125),tensor(0.4874)
tensor(0.1347),tensor(5.6586e-06),tensor(0.8653)
tensor(0.0008),tensor(1.5883e-08),tensor(0.9992)
tensor(1.7388e-09),tensor(1.2060e-11),tensor(1.)
tensor(0.0046),tensor(9.5350e-14),tensor(0.9954)
tensor(1.5731e-07),tensor(4.4141e-30),tensor(1.0000)
tensor(0.9306),tensor(1.0808e-05),tensor(0.0694)
tensor(0.0046),tensor(7.2045e-10),tensor(0.9954)
tensor(0.9306),tensor(1.0808e-05),tensor(0.0694)
tensor(0.9812),tensor(4.9469e-07),tensor(0.0188)
tensor(0.9677),tensor(8.2985e-07),tensor(0.0323)
