tensor(0.9905),tensor(1.5319e-17),tensor(0.0095)
tensor(0.9915),tensor(4.0760e-09),tensor(0.0085)
tensor(0.9999),tensor(1.5489e-14),tensor(0.0001)
tensor(0.9981),tensor(2.6852e-15),tensor(0.0019)
tensor(0.0240),tensor(6.0598e-18),tensor(0.9760)
tensor(0.9359),tensor(5.9196e-14),tensor(0.0641)
tensor(1.0000),tensor(5.3157e-13),tensor(7.6961e-07)
tensor(0.9947),tensor(0.0005),tensor(0.0048)
tensor(0.9999),tensor(4.7661e-08),tensor(9.0525e-05)
tensor(0.9987),tensor(1.3728e-11),tensor(0.0013)
tensor(1.0000),tensor(2.5005e-19),tensor(5.3867e-07)
tensor(1.),tensor(8.7515e-29),tensor(2.4491e-24)
tensor(0.0336),tensor(7.8476e-15),tensor(0.9664)
tensor(0.2863),tensor(2.7369e-15),tensor(0.7137)
tensor(0.9915),tensor(7.6012e-14),tensor(0.0085)
tensor(1.),tensor(2.8523e-11),tensor(7.1519e-14)
tensor(0.9880),tensor(7.6872e-16),tensor(0.0120)
tensor(0.9919),tensor(2.0767e-11),tensor(0.0081)
tensor(0.9483),tensor(2.8201e-08),tensor(0.0517)
tensor(0.9938),tensor(1.1186e-13),tensor(0.0062)
tensor(0.9483),tensor(2.8201e-08),tensor(0.0517)
tensor(0.9990),tensor(2.2985e-21),tensor(0.0010)
tensor(0.9760),tensor(1.1952e-20),tensor(0.0240)
tensor(0.9919),tensor(2.0767e-11),tensor(0.0081)
tensor(0.9113),tensor(1.5180e-13),tensor(0.0887)
tensor(0.9994),tensor(9.2836e-13),tensor(0.0006)
tensor(0.9705),tensor(4.6783e-07),tensor(0.0295)
tensor(0.0050),tensor(2.3317e-12),tensor(0.9950)
tensor(0.9909),tensor(2.4314e-16),tensor(0.0091)
tensor(0.9744),tensor(6.9727e-15),tensor(0.0256)
tensor(0.5670),tensor(0.0003),tensor(0.4327)
tensor(0.9879),tensor(2.0347e-11),tensor(0.0121)
tensor(0.9957),tensor(1.5548e-07),tensor(0.0043)
tensor(1.0000),tensor(3.6938e-11),tensor(1.1480e-07)
tensor(0.9997),tensor(3.4432e-06),tensor(0.0003)
tensor(0.0096),tensor(0.9729),tensor(0.0174)
tensor(0.9970),tensor(5.2602e-10),tensor(0.0030)
tensor(0.9858),tensor(0.0123),tensor(0.0019)
tensor(0.9923),tensor(4.7313e-10),tensor(0.0077)
tensor(0.2483),tensor(0.7441),tensor(0.0076)
tensor(0.9806),tensor(1.0345e-13),tensor(0.0194)
tensor(0.9691),tensor(6.9348e-15),tensor(0.0309)
tensor(0.9872),tensor(5.8623e-09),tensor(0.0128)
tensor(0.9503),tensor(0.0088),tensor(0.0408)
tensor(0.9902),tensor(1.6521e-07),tensor(0.0098)
tensor(0.9606),tensor(1.9074e-06),tensor(0.0394)
tensor(0.9730),tensor(0.0019),tensor(0.0251)
tensor(0.6045),tensor(2.9909e-08),tensor(0.3955)
tensor(0.9730),tensor(0.0019),tensor(0.0251)
tensor(0.9827),tensor(3.9229e-08),tensor(0.0173)
tensor(0.9761),tensor(3.0147e-08),tensor(0.0239)
tensor(0.0126),tensor(0.0448),tensor(0.9426)
tensor(0.9876),tensor(2.1364e-07),tensor(0.0124)
tensor(0.9585),tensor(1.4263e-07),tensor(0.0415)
tensor(1.),tensor(1.3949e-31),tensor(4.8918e-10)
tensor(0.9907),tensor(9.6475e-09),tensor(0.0093)
tensor(0.9906),tensor(3.6818e-06),tensor(0.0094)
tensor(0.9411),tensor(0.0004),tensor(0.0585)
tensor(0.9660),tensor(1.2993e-11),tensor(0.0340)
tensor(0.9865),tensor(6.7263e-05),tensor(0.0134)
tensor(0.9800),tensor(9.6544e-07),tensor(0.0200)
tensor(0.9492),tensor(1.6317e-09),tensor(0.0508)
tensor(0.9964),tensor(1.0933e-33),tensor(0.0036)
tensor(0.9955),tensor(5.4339e-15),tensor(0.0045)
tensor(0.8715),tensor(6.1830e-05),tensor(0.1284)
tensor(0.9955),tensor(5.4339e-15),tensor(0.0045)
tensor(0.9984),tensor(7.3546e-21),tensor(0.0016)
tensor(0.9967),tensor(6.7895e-18),tensor(0.0033)
tensor(0.9979),tensor(2.0963e-22),tensor(0.0021)
tensor(0.9942),tensor(1.2114e-18),tensor(0.0058)
tensor(0.2981),tensor(4.8263e-16),tensor(0.7019)
tensor(0.9920),tensor(8.6290e-16),tensor(0.0080)
tensor(0.2981),tensor(4.8263e-16),tensor(0.7019)
tensor(0.9965),tensor(1.0848e-17),tensor(0.0035)
tensor(0.9921),tensor(1.2890e-20),tensor(0.0079)
tensor(0.9954),tensor(2.9770e-21),tensor(0.0046)
tensor(1.),tensor(1.9388e-36),tensor(5.0927e-10)
tensor(0.9999),tensor(5.0444e-21),tensor(0.0001)
tensor(1.0000),tensor(2.1097e-21),tensor(1.1582e-07)
tensor(0.9942),tensor(3.8917e-25),tensor(0.0058)
tensor(0.9949),tensor(1.5678e-13),tensor(0.0051)
tensor(0.9913),tensor(6.9789e-07),tensor(0.0087)
tensor(0.9927),tensor(8.3937e-13),tensor(0.0073)
tensor(0.9932),tensor(4.5509e-17),tensor(0.0068)
tensor(0.9924),tensor(1.6099e-09),tensor(0.0076)
tensor(0.9941),tensor(7.9646e-16),tensor(0.0059)
tensor(0.9908),tensor(1.4027e-13),tensor(0.0092)
tensor(0.9941),tensor(7.9646e-16),tensor(0.0059)
tensor(0.9908),tensor(1.4027e-13),tensor(0.0092)
tensor(0.9529),tensor(0.0396),tensor(0.0075)
tensor(0.8528),tensor(8.1474e-09),tensor(0.1472)
tensor(0.6554),tensor(5.4509e-08),tensor(0.3446)
tensor(0.9648),tensor(7.0725e-06),tensor(0.0352)
tensor(0.5139),tensor(0.0203),tensor(0.4658)
tensor(1.6635e-11),tensor(1.4065e-35),tensor(1.)
tensor(0.8734),tensor(0.0143),tensor(0.1124)
tensor(0.8313),tensor(1.3253e-11),tensor(0.1687)
tensor(0.9933),tensor(2.0345e-06),tensor(0.0067)
tensor(0.9840),tensor(1.3299e-11),tensor(0.0160)
tensor(0.9944),tensor(2.6570e-22),tensor(0.0056)
tensor(2.7361e-12),tensor(2.3021e-36),tensor(1.)
tensor(0.9983),tensor(6.7862e-29),tensor(0.0017)
tensor(0.9772),tensor(1.9087e-27),tensor(0.0228)
tensor(0.9995),tensor(2.1516e-12),tensor(0.0005)
tensor(0.0101),tensor(2.5576e-18),tensor(0.9899)
tensor(0.9374),tensor(1.2815e-14),tensor(0.0626)
tensor(0.0101),tensor(2.5576e-18),tensor(0.9899)
tensor(0.9090),tensor(5.7493e-14),tensor(0.0910)
tensor(1.0000),tensor(6.3490e-27),tensor(4.4002e-07)
tensor(0.0045),tensor(3.3307e-24),tensor(0.9955)
tensor(0.9635),tensor(1.5352e-13),tensor(0.0365)
tensor(0.9229),tensor(5.4213e-13),tensor(0.0771)
tensor(0.9838),tensor(2.6458e-15),tensor(0.0162)
tensor(0.9602),tensor(1.6579e-11),tensor(0.0398)
tensor(0.9670),tensor(0.0001),tensor(0.0328)
tensor(0.9838),tensor(5.6591e-08),tensor(0.0162)
tensor(0.9850),tensor(1.3312e-11),tensor(0.0150)
tensor(0.9824),tensor(9.0070e-27),tensor(0.0176)
tensor(0.9827),tensor(2.0292e-19),tensor(0.0173)
tensor(0.0795),tensor(2.5799e-30),tensor(0.9205)
tensor(0.9795),tensor(9.6496e-07),tensor(0.0205)
tensor(0.9497),tensor(1.6324e-09),tensor(0.0503)
tensor(0.7250),tensor(3.1859e-08),tensor(0.2750)
tensor(0.9913),tensor(1.8156e-07),tensor(0.0087)
tensor(0.4031),tensor(7.7804e-08),tensor(0.5969)
tensor(0.9966),tensor(7.7741e-10),tensor(0.0034)
tensor(1.0000),tensor(9.9080e-14),tensor(4.2316e-05)
tensor(0.9898),tensor(1.8835e-17),tensor(0.0102)
tensor(0.9992),tensor(9.1400e-18),tensor(0.0008)
tensor(0.9943),tensor(1.2966e-22),tensor(0.0057)
tensor(0.9968),tensor(1.4906e-24),tensor(0.0032)
tensor(0.9957),tensor(2.0314e-11),tensor(0.0043)
tensor(1.),tensor(4.2895e-23),tensor(4.7687e-39)
tensor(1.0000),tensor(6.2077e-13),tensor(9.5830e-07)
tensor(1.),tensor(3.5988e-26),tensor(3.5988e-26)
tensor(0.9869),tensor(4.3405e-15),tensor(0.0131)
tensor(0.9828),tensor(2.4277e-16),tensor(0.0172)
tensor(0.8974),tensor(4.4035e-21),tensor(0.1026)
tensor(0.0032),tensor(2.0037e-24),tensor(0.9968)
tensor(0.9869),tensor(4.3405e-15),tensor(0.0131)
tensor(0.0032),tensor(2.0037e-24),tensor(0.9968)
tensor(2.5090e-06),tensor(3.8328e-21),tensor(1.0000)
tensor(0.9904),tensor(3.3033e-13),tensor(0.0096)
tensor(0.9940),tensor(6.4401e-19),tensor(0.0060)
tensor(0.9573),tensor(1.3219e-17),tensor(0.0427)
tensor(0.9750),tensor(1.2194e-16),tensor(0.0250)
tensor(0.9749),tensor(1.7953e-21),tensor(0.0251)
tensor(0.9833),tensor(2.2725e-17),tensor(0.0167)
tensor(0.9811),tensor(1.8411e-15),tensor(0.0189)
tensor(0.9752),tensor(0.0002),tensor(0.0246)
tensor(0.0003),tensor(4.2840e-15),tensor(0.9997)
tensor(0.9947),tensor(6.8153e-15),tensor(0.0053)
tensor(1.),tensor(4.9960e-25),tensor(1.2995e-09)
tensor(7.4686e-05),tensor(5.5738e-34),tensor(0.9999)
tensor(0.0003),tensor(4.2840e-15),tensor(0.9997)
tensor(7.3071e-08),tensor(3.5434e-17),tensor(1.0000)
tensor(0.9226),tensor(3.3317e-14),tensor(0.0774)
tensor(0.5820),tensor(1.4582e-09),tensor(0.4180)
tensor(0.9226),tensor(3.3317e-14),tensor(0.0774)
tensor(0.9059),tensor(1.5366e-12),tensor(0.0941)
tensor(0.9081),tensor(3.3266e-16),tensor(0.0919)
tensor(0.9903),tensor(1.5315e-17),tensor(0.0097)
tensor(0.9870),tensor(9.8196e-23),tensor(0.0130)
tensor(0.9461),tensor(2.7455e-19),tensor(0.0539)
tensor(0.9829),tensor(2.2716e-17),tensor(0.0171)
tensor(0.9812),tensor(3.0083e-22),tensor(0.0188)
tensor(0.9854),tensor(8.0995e-16),tensor(0.0146)
tensor(0.9752),tensor(0.0002),tensor(0.0246)
tensor(0.2763),tensor(2.6409e-15),tensor(0.7237)
tensor(2.9281e-05),tensor(2.1645e-26),tensor(1.0000)
tensor(0.9966),tensor(1.0634e-13),tensor(0.0034)
tensor(0.9932),tensor(6.8135e-11),tensor(0.0068)
tensor(0.9950),tensor(5.3302e-13),tensor(0.0050)
tensor(0.9896),tensor(2.4284e-16),tensor(0.0104)
tensor(0.9866),tensor(2.0320e-11),tensor(0.0134)
tensor(0.9935),tensor(1.5514e-07),tensor(0.0065)
tensor(0.9681),tensor(6.9279e-15),tensor(0.0319)
tensor(0.0874),tensor(2.3629e-08),tensor(0.9126)
tensor(0.9737),tensor(7.2559e-12),tensor(0.0263)
tensor(0.9459),tensor(2.8131e-08),tensor(0.0541)
tensor(0.9978),tensor(9.2687e-13),tensor(0.0022)
tensor(0.9014),tensor(1.5014e-13),tensor(0.0986)
tensor(0.9931),tensor(1.8198e-14),tensor(0.0069)
tensor(0.9854),tensor(2.8276e-14),tensor(0.0146)
tensor(0.9866),tensor(5.8589e-09),tensor(0.0134)
tensor(0.9719),tensor(7.3316e-08),tensor(0.0281)
tensor(0.9866),tensor(5.8589e-09),tensor(0.0134)
tensor(0.9719),tensor(7.3316e-08),tensor(0.0281)
tensor(0.9917),tensor(9.4009e-13),tensor(0.0083)
tensor(0.9719),tensor(7.3316e-08),tensor(0.0281)
tensor(0.0874),tensor(2.3629e-08),tensor(0.9126)
tensor(0.9932),tensor(2.2852e-21),tensor(0.0068)
tensor(0.9014),tensor(1.5014e-13),tensor(0.0986)
tensor(0.9828),tensor(2.5673e-10),tensor(0.0172)
tensor(0.8761),tensor(8.3917e-11),tensor(0.1239)
tensor(0.9828),tensor(2.5673e-10),tensor(0.0172)
tensor(0.9992),tensor(3.6907e-11),tensor(0.0008)
tensor(0.6144),tensor(3.6840e-13),tensor(0.3856)
tensor(1.0000),tensor(1.1403e-14),tensor(2.2183e-05)
tensor(0.8923),tensor(0.0009),tensor(0.1068)
tensor(0.7336),tensor(2.8071e-15),tensor(0.2664)
tensor(0.9645),tensor(1.2584e-13),tensor(0.0355)
tensor(0.0844),tensor(1.0650e-19),tensor(0.9156)
tensor(0.9753),tensor(5.7797e-15),tensor(0.0247)
tensor(0.9434),tensor(3.2805e-13),tensor(0.0566)
tensor(0.7465),tensor(0.1922),tensor(0.0614)
tensor(0.6253),tensor(1.1701e-31),tensor(0.3747)
tensor(1.),tensor(3.9014e-18),tensor(2.3374e-14)
tensor(1.),tensor(3.9014e-18),tensor(2.3374e-14)
tensor(0.9156),tensor(3.7438e-17),tensor(0.0844)
tensor(0.9976),tensor(2.1771e-17),tensor(0.0024)
tensor(0.9997),tensor(1.6930e-19),tensor(0.0003)
tensor(1.0000),tensor(2.9128e-16),tensor(1.4903e-07)
tensor(0.9808),tensor(8.6996e-16),tensor(0.0192)
tensor(0.9942),tensor(2.5880e-21),tensor(0.0058)
tensor(1.),tensor(1.0902e-21),tensor(6.0218e-23)
tensor(0.9976),tensor(2.1771e-17),tensor(0.0024)
tensor(1.0000),tensor(2.9226e-21),tensor(2.8863e-05)
tensor(0.9965),tensor(1.1271e-13),tensor(0.0035)
tensor(0.9997),tensor(1.6930e-19),tensor(0.0003)
tensor(0.9999),tensor(9.1464e-18),tensor(6.4186e-05)
tensor(0.0137),tensor(2.9450e-07),tensor(0.9863)
tensor(0.9913),tensor(1.8156e-07),tensor(0.0087)
tensor(0.9865),tensor(2.6162e-11),tensor(0.0135)
tensor(0.9687),tensor(1.4535e-24),tensor(0.0313)
tensor(0.9708),tensor(8.8999e-27),tensor(0.0292)
tensor(0.9897),tensor(3.0633e-17),tensor(0.0103)
tensor(8.9830e-24),tensor(2.8760e-23),tensor(1.)
tensor(0.8305),tensor(2.8666e-22),tensor(0.1695)
tensor(0.9927),tensor(2.9481e-10),tensor(0.0073)
tensor(0.9924),tensor(2.4983e-20),tensor(0.0076)
tensor(0.9950),tensor(3.1154e-19),tensor(0.0050)
tensor(0.9840),tensor(3.0368e-32),tensor(0.0160)
tensor(0.9862),tensor(8.3941e-22),tensor(0.0138)
tensor(1.),tensor(2.8523e-11),tensor(5.4220e-09)
tensor(0.7168),tensor(1.2490e-07),tensor(0.2832)
tensor(0.9999),tensor(1.8313e-07),tensor(5.4866e-05)
tensor(0.9944),tensor(2.2105e-14),tensor(0.0056)
tensor(0.9933),tensor(5.4519e-12),tensor(0.0067)
tensor(0.9965),tensor(5.9255e-12),tensor(0.0035)
tensor(0.9931),tensor(1.3197e-15),tensor(0.0069)
tensor(0.9948),tensor(1.2710e-20),tensor(0.0052)
tensor(0.9951),tensor(1.1354e-14),tensor(0.0049)
tensor(0.9918),tensor(1.4523e-20),tensor(0.0082)
tensor(0.9935),tensor(3.0893e-15),tensor(0.0065)
tensor(0.0043),tensor(9.6914e-28),tensor(0.9957)
tensor(0.9931),tensor(1.3197e-15),tensor(0.0069)
tensor(0.9965),tensor(5.9255e-12),tensor(0.0035)
tensor(0.9950),tensor(9.2806e-10),tensor(0.0050)
tensor(0.9528),tensor(0.0396),tensor(0.0077)
tensor(0.0030),tensor(6.0476e-19),tensor(0.9970)
tensor(0.9933),tensor(2.2627e-12),tensor(0.0067)
tensor(0.8563),tensor(4.4093e-13),tensor(0.1437)
tensor(0.9829),tensor(1.1511e-08),tensor(0.0171)
tensor(0.9500),tensor(9.0030e-10),tensor(0.0500)
tensor(0.9896),tensor(2.1407e-07),tensor(0.0104)
tensor(0.9888),tensor(6.4920e-10),tensor(0.0112)
tensor(0.9262),tensor(0.0008),tensor(0.0730)
tensor(0.9891),tensor(3.9485e-08),tensor(0.0109)
tensor(0.9677),tensor(3.8457e-08),tensor(0.0323)
tensor(0.9799),tensor(2.8696e-07),tensor(0.0201)
tensor(0.9670),tensor(2.3955e-12),tensor(0.0330)
tensor(0.9854),tensor(3.9219e-12),tensor(0.0146)
tensor(0.9262),tensor(0.0008),tensor(0.0730)
tensor(0.9837),tensor(6.2357e-05),tensor(0.0162)
tensor(0.9262),tensor(0.0008),tensor(0.0730)
tensor(0.9998),tensor(1.5340e-13),tensor(0.0002)
tensor(0.9677),tensor(3.8457e-08),tensor(0.0323)
tensor(0.7954),tensor(0.1616),tensor(0.0430)
tensor(0.0079),tensor(7.5970e-24),tensor(0.9921)
tensor(0.9946),tensor(1.3521e-18),tensor(0.0054)
tensor(0.9995),tensor(1.1398e-14),tensor(0.0005)
tensor(0.9428),tensor(0.0002),tensor(0.0569)
tensor(0.9743),tensor(3.6412e-06),tensor(0.0257)
tensor(0.0811),tensor(0.8677),tensor(0.0511)
tensor(2.0239e-05),tensor(8.1708e-08),tensor(1.0000)
tensor(1.0000),tensor(3.1889e-07),tensor(3.2404e-07)
tensor(0.9992),tensor(7.1330e-28),tensor(0.0008)
tensor(1.0000),tensor(1.1841e-21),tensor(2.4834e-06)
tensor(0.9991),tensor(1.5060e-20),tensor(0.0009)
tensor(0.9987),tensor(4.2079e-39),tensor(0.0013)
tensor(0.9983),tensor(7.6979e-23),tensor(0.0017)
tensor(1.0000),tensor(1.1841e-21),tensor(2.4834e-06)
tensor(0.9912),tensor(3.2702e-20),tensor(0.0088)
tensor(1.0000),tensor(5.3257e-17),tensor(6.9755e-07)
tensor(0.9043),tensor(1.5063e-13),tensor(0.0957)
tensor(0.9691),tensor(6.9348e-15),tensor(0.0309)
tensor(0.9503),tensor(0.0088),tensor(0.0408)
tensor(0.0014),tensor(4.0854e-14),tensor(0.9986)
tensor(7.3071e-08),tensor(3.5434e-17),tensor(1.0000)
tensor(1.0000),tensor(1.6981e-13),tensor(8.8958e-07)
tensor(0.9992),tensor(4.8861e-10),tensor(0.0008)
tensor(0.9595),tensor(1.5290e-13),tensor(0.0405)
tensor(0.9868),tensor(4.3399e-15),tensor(0.0132)
tensor(0.0026),tensor(1.5951e-24),tensor(0.9974)
tensor(0.1495),tensor(3.7183e-14),tensor(0.8505)
tensor(0.0026),tensor(1.5951e-24),tensor(0.9974)
tensor(0.2224),tensor(1.9637e-13),tensor(0.7776)
tensor(0.9595),tensor(1.5290e-13),tensor(0.0405)
tensor(0.9054),tensor(3.6612e-16),tensor(0.0946)
tensor(0.9595),tensor(1.5290e-13),tensor(0.0405)
tensor(0.2224),tensor(1.9637e-13),tensor(0.7776)
tensor(0.9595),tensor(1.5290e-13),tensor(0.0405)
tensor(0.9572),tensor(1.6528e-11),tensor(0.0428)
tensor(0.9595),tensor(1.5290e-13),tensor(0.0405)
tensor(0.9054),tensor(3.6612e-16),tensor(0.0946)
tensor(0.9847),tensor(3.3454e-19),tensor(0.0153)
tensor(0.9572),tensor(1.6528e-11),tensor(0.0428)
tensor(0.9824),tensor(2.4268e-16),tensor(0.0176)
tensor(0.8938),tensor(4.3862e-21),tensor(0.1062)
tensor(0.0026),tensor(1.5951e-24),tensor(0.9974)
tensor(0.9868),tensor(4.3399e-15),tensor(0.0132)
tensor(0.8164),tensor(1.3798e-32),tensor(0.1836)
tensor(0.9952),tensor(5.3015e-25),tensor(0.0048)
tensor(0.9936),tensor(2.9653e-13),tensor(0.0064)
tensor(0.9952),tensor(5.3015e-25),tensor(0.0048)
tensor(0.7266),tensor(5.2973e-18),tensor(0.2734)
tensor(0.9952),tensor(5.3015e-25),tensor(0.0048)
tensor(0.9801),tensor(5.5848e-14),tensor(0.0199)
tensor(0.9912),tensor(1.4033e-13),tensor(0.0088)
tensor(0.9601),tensor(0.0399),tensor(8.3262e-33)
tensor(1.),tensor(9.5815e-10),tensor(5.3202e-33)
tensor(1.),tensor(2.3726e-18),tensor(1.0575e-31)
tensor(0.9905),tensor(1.5319e-17),tensor(0.0095)
tensor(0.9739),tensor(2.9307e-29),tensor(0.0261)
tensor(0.9894),tensor(9.5283e-19),tensor(0.0106)
tensor(1.),tensor(1.9388e-36),tensor(7.2800e-09)
tensor(1.),tensor(4.3375e-37),tensor(3.1785e-37)
tensor(0.9992),tensor(1.8834e-23),tensor(0.0008)
tensor(1.),tensor(3.9014e-18),tensor(3.8518e-34)
tensor(1.),tensor(2.2161e-12),tensor(1.5668e-40)
tensor(0.9971),tensor(6.7924e-18),tensor(0.0029)
tensor(0.9831),tensor(2.6438e-15),tensor(0.0169)
tensor(0.8974),tensor(4.4035e-21),tensor(0.1026)
tensor(1.),tensor(2.8665e-20),tensor(1.1040e-30)
tensor(0.3003),tensor(2.6516e-13),tensor(0.6997)
tensor(0.9284),tensor(4.8971e-16),tensor(0.0716)
tensor(0.7910),tensor(2.3632e-13),tensor(0.2090)
tensor(0.9204),tensor(5.4673e-12),tensor(0.0796)
tensor(0.9437),tensor(1.0345e-08),tensor(0.0563)
tensor(0.9510),tensor(1.1863e-13),tensor(0.0490)
tensor(0.9831),tensor(8.8431e-11),tensor(0.0169)
tensor(0.8635),tensor(1.1740e-19),tensor(0.1365)
tensor(0.9812),tensor(5.3244e-14),tensor(0.0188)
tensor(0.9437),tensor(1.0345e-08),tensor(0.0563)
tensor(0.9665),tensor(0.0001),tensor(0.0334)
tensor(0.9667),tensor(3.5411e-11),tensor(0.0333)
tensor(0.9895),tensor(2.0718e-11),tensor(0.0105)
tensor(0.9786),tensor(2.3647e-10),tensor(0.0214)
tensor(0.9929),tensor(1.8195e-14),tensor(0.0071)
tensor(0.9731),tensor(1.1916e-20),tensor(0.0269)
tensor(0.9875),tensor(2.2720e-21),tensor(0.0125)
tensor(0.9841),tensor(2.7484e-11),tensor(0.0159)
tensor(0.9683),tensor(3.5767e-11),tensor(0.0317)
tensor(0.9897),tensor(3.6785e-06),tensor(0.0103)
tensor(0.0014),tensor(3.6366e-08),tensor(0.9986)
tensor(0.9873),tensor(3.1420e-09),tensor(0.0127)
tensor(0.9109),tensor(0.0410),tensor(0.0481)
tensor(0.9748),tensor(2.0812e-12),tensor(0.0252)
tensor(0.9733),tensor(2.8503e-07),tensor(0.0267)
tensor(0.9636),tensor(2.3873e-12),tensor(0.0364)
tensor(0.7953),tensor(0.1616),tensor(0.0431)
tensor(0.9729),tensor(1.7313e-10),tensor(0.0271)
tensor(1.0000),tensor(4.8898e-10),tensor(5.9281e-06)
tensor(0.0008),tensor(1.7699e-26),tensor(0.9992)
tensor(0.9062),tensor(4.4470e-21),tensor(0.0938)
tensor(0.8512),tensor(2.6020e-15),tensor(0.1488)
tensor(0.9811),tensor(4.0248e-14),tensor(0.0189)
tensor(1.0000),tensor(2.3782e-37),tensor(6.5746e-07)
tensor(0.9762),tensor(1.1160e-14),tensor(0.0238)
tensor(0.9241),tensor(5.4889e-12),tensor(0.0759)
tensor(0.9229),tensor(5.4213e-13),tensor(0.0771)
tensor(0.9670),tensor(0.0001),tensor(0.0328)
tensor(0.9853),tensor(1.2696e-20),tensor(0.0147)
tensor(0.9443),tensor(1.1660e-17),tensor(0.0557)
tensor(0.7534),tensor(0.1939),tensor(0.0527)
tensor(0.9741),tensor(5.5504e-37),tensor(0.0259)
tensor(0.7905),tensor(1.5775e-17),tensor(0.2095)
tensor(0.9846),tensor(1.7002e-28),tensor(0.0154)
tensor(0.9971),tensor(3.2678e-13),tensor(0.0029)
tensor(0.9998),tensor(1.2465e-18),tensor(0.0002)
tensor(0.9905),tensor(1.8534e-31),tensor(0.0095)
tensor(4.0853e-08),tensor(0.0310),tensor(0.9690)
tensor(1.),tensor(6.6499e-17),tensor(8.6491e-11)
tensor(1.),tensor(5.3122e-24),tensor(4.1355e-09)
tensor(0.9878),tensor(7.2067e-07),tensor(0.0122)
tensor(0.9583),tensor(1.5811e-07),tensor(0.0417)
tensor(0.0080),tensor(1.7941e-10),tensor(0.9920)
tensor(1.),tensor(5.8224e-31),tensor(6.8778e-19)
tensor(0.9964),tensor(1.1454e-28),tensor(0.0036)
tensor(0.9980),tensor(1.6513e-23),tensor(0.0020)
tensor(0.9983),tensor(9.9579e-33),tensor(0.0017)
tensor(0.9999),tensor(4.5718e-28),tensor(7.5443e-05)
tensor(0.9984),tensor(1.7800e-19),tensor(0.0016)
tensor(0.9999),tensor(1.3777e-26),tensor(0.0001)
tensor(1.),tensor(9.7459e-28),tensor(1.0459e-39)
tensor(1.),tensor(3.3994e-21),tensor(1.7032e-40)
tensor(1.),tensor(8.8477e-41),tensor(6.0217e-34)
tensor(1.),tensor(2.7331e-24),tensor(3.2177e-40)
tensor(1.),tensor(5.7704e-19),tensor(3.3855e-37)
tensor(0.9998),tensor(7.4857e-17),tensor(0.0002)
tensor(0.9858),tensor(4.3416e-16),tensor(0.0142)
tensor(0.9928),tensor(2.2608e-10),tensor(0.0072)
tensor(0.9854),tensor(3.7582e-09),tensor(0.0146)
tensor(0.9822),tensor(6.7847e-14),tensor(0.0178)
tensor(0.9817),tensor(4.0879e-11),tensor(0.0183)
tensor(0.9819),tensor(1.4613e-16),tensor(0.0181)
tensor(0.9311),tensor(3.8071e-17),tensor(0.0689)
tensor(0.9967),tensor(1.3644e-14),tensor(0.0033)
tensor(0.9836),tensor(1.1390e-10),tensor(0.0164)
tensor(0.9880),tensor(0.0006),tensor(0.0114)
tensor(0.7306),tensor(4.0826e-16),tensor(0.2694)
tensor(0.9741),tensor(1.7880e-13),tensor(0.0259)
tensor(0.9937),tensor(2.4199e-15),tensor(0.0063)
tensor(0.9890),tensor(2.6490e-28),tensor(0.0110)
tensor(0.7445),tensor(3.5214e-17),tensor(0.2555)
tensor(1.6255e-08),tensor(2.9960e-38),tensor(1.)
tensor(0.4509),tensor(1.0120e-13),tensor(0.5491)
tensor(0.9485),tensor(3.6829e-16),tensor(0.0515)
tensor(0.9449),tensor(1.0359e-08),tensor(0.0551)
tensor(0.9670),tensor(0.0001),tensor(0.0328)
tensor(0.9808),tensor(6.5024e-13),tensor(0.0192)
tensor(0.9937),tensor(1.7883e-08),tensor(0.0063)
tensor(1.0000),tensor(1.3938e-34),tensor(1.0362e-06)
tensor(0.7958),tensor(2.1665e-13),tensor(0.2042)
tensor(0.8698),tensor(7.5206e-16),tensor(0.1302)
tensor(0.0001),tensor(2.2721e-28),tensor(0.9999)
tensor(0.4213),tensor(2.0810e-12),tensor(0.5787)
tensor(0.9890),tensor(2.6490e-28),tensor(0.0110)
tensor(0.0119),tensor(7.3957e-24),tensor(0.9881)
tensor(0.1903),tensor(4.7337e-14),tensor(0.8097)
tensor(0.9876),tensor(2.7454e-20),tensor(0.0124)
tensor(1.6255e-08),tensor(2.9960e-38),tensor(1.)
tensor(0.9881),tensor(3.7441e-15),tensor(0.0119)
tensor(0.9707),tensor(2.7384e-23),tensor(0.0293)
tensor(7.2076e-15),tensor(7.9577e-16),tensor(1.)
tensor(7.0276e-07),tensor(1.0735e-21),tensor(1.0000)
tensor(0.9791),tensor(8.9768e-27),tensor(0.0209)
tensor(0.9820),tensor(2.7101e-30),tensor(0.0180)
tensor(0.6276),tensor(3.8951e-38),tensor(0.3724)
tensor(0.3177),tensor(1.4167e-15),tensor(0.6823)
tensor(0.9816),tensor(3.0586e-13),tensor(0.0184)
tensor(0.9699),tensor(1.4553e-24),tensor(0.0301)
tensor(0.9816),tensor(3.0586e-13),tensor(0.0184)
tensor(0.9466),tensor(2.2834e-09),tensor(0.0534)
tensor(0.0032),tensor(0.9958),tensor(0.0009)
tensor(0.9949),tensor(1.4449e-21),tensor(0.0051)
tensor(0.9921),tensor(1.9118e-26),tensor(0.0079)
tensor(0.9450),tensor(2.1049e-21),tensor(0.0550)
tensor(0.9921),tensor(1.9118e-26),tensor(0.0079)
tensor(0.9931),tensor(1.3030e-17),tensor(0.0069)
tensor(0.9977),tensor(2.1910e-26),tensor(0.0023)
tensor(0.9963),tensor(2.1433e-18),tensor(0.0037)
tensor(0.9794),tensor(4.3854e-18),tensor(0.0206)
tensor(1.0000),tensor(2.2666e-21),tensor(6.4609e-06)
tensor(0.9834),tensor(2.2727e-17),tensor(0.0166)
tensor(0.9862),tensor(2.0808e-27),tensor(0.0138)
tensor(0.9944),tensor(7.9490e-24),tensor(0.0056)
tensor(0.9971),tensor(4.0671e-36),tensor(0.0029)
tensor(0.9868),tensor(4.1080e-35),tensor(0.0132)
tensor(0.9863),tensor(2.0195e-21),tensor(0.0137)
tensor(0.9939),tensor(6.4181e-36),tensor(0.0061)
tensor(0.9675),tensor(3.1922e-20),tensor(0.0325)
tensor(0.9922),tensor(3.6259e-18),tensor(0.0078)
tensor(0.6886),tensor(1.0468e-19),tensor(0.3114)
tensor(1.),tensor(3.5436e-18),tensor(4.9320e-40)
tensor(0.9998),tensor(2.6499e-12),tensor(0.0002)
tensor(0.2149),tensor(1.0436e-08),tensor(0.7851)
tensor(0.9580),tensor(0.0002),tensor(0.0419)
tensor(0.9689),tensor(1.7209e-05),tensor(0.0311)
tensor(0.0008),tensor(1.1349e-20),tensor(0.9992)
tensor(0.9952),tensor(0.0002),tensor(0.0046)
tensor(0.1163),tensor(0.0009),tensor(0.8828)
tensor(0.6070),tensor(6.2460e-09),tensor(0.3930)
tensor(0.3944),tensor(1.3586e-15),tensor(0.6056)
tensor(0.6070),tensor(6.2460e-09),tensor(0.3930)
tensor(0.9127),tensor(2.4687e-06),tensor(0.0873)
tensor(0.6070),tensor(6.2460e-09),tensor(0.3930)
tensor(0.0005),tensor(4.3528e-12),tensor(0.9995)
tensor(0.9853),tensor(4.6108e-20),tensor(0.0147)
tensor(0.7347),tensor(2.0396e-26),tensor(0.2653)
tensor(0.9894),tensor(2.4279e-16),tensor(0.0106)
tensor(0.9842),tensor(3.0373e-32),tensor(0.0158)
tensor(0.9871),tensor(6.3251e-15),tensor(0.0129)
tensor(0.9980),tensor(6.7445e-16),tensor(0.0020)
tensor(1.),tensor(9.9085e-14),tensor(4.2935e-08)
tensor(0.9918),tensor(2.2670e-14),tensor(0.0082)
tensor(0.9999),tensor(6.1063e-17),tensor(0.0001)
tensor(1.0000),tensor(2.6870e-11),tensor(1.2230e-07)
tensor(0.9959),tensor(2.5924e-21),tensor(0.0041)
tensor(0.0124),tensor(1.5819e-10),tensor(0.9876)
tensor(1.0000),tensor(7.8785e-13),tensor(7.8837e-07)
tensor(0.9986),tensor(1.9992e-14),tensor(0.0014)
tensor(1.0000),tensor(1.8488e-19),tensor(2.4126e-05)
tensor(0.9873),tensor(1.4726e-20),tensor(0.0127)
tensor(9.0868e-18),tensor(1.0132e-37),tensor(1.)
tensor(1.7208e-07),tensor(2.6288e-22),tensor(1.0000)
tensor(0.9919),tensor(1.7248e-21),tensor(0.0081)
tensor(0.9963),tensor(2.1331e-24),tensor(0.0037)
tensor(0.9967),tensor(2.0938e-22),tensor(0.0033)
tensor(0.9950),tensor(3.1154e-19),tensor(0.0050)
tensor(0.9840),tensor(3.0368e-32),tensor(0.0160)
tensor(0.9999),tensor(1.7085e-07),tensor(6.8639e-05)
tensor(1.0000),tensor(4.4603e-11),tensor(3.2603e-06)
tensor(0.9914),tensor(1.1131e-06),tensor(0.0086)
tensor(0.9894),tensor(0.0005),tensor(0.0101)
tensor(0.9916),tensor(1.5739e-10),tensor(0.0084)
tensor(1.0000),tensor(1.0411e-13),tensor(1.5529e-07)
tensor(0.8696),tensor(7.5192e-16),tensor(0.1304)
tensor(0.9183),tensor(3.7133e-16),tensor(0.0817)
tensor(0.9669),tensor(0.0001),tensor(0.0330)
tensor(0.9839),tensor(5.6598e-08),tensor(0.0161)
tensor(0.9931),tensor(2.0341e-06),tensor(0.0069)
tensor(0.9849),tensor(1.3311e-11),tensor(0.0151)
tensor(4.0198e-11),tensor(3.3988e-35),tensor(1.)
tensor(0.9780),tensor(1.7215e-06),tensor(0.0220)
tensor(0.9843),tensor(1.3302e-11),tensor(0.0157)
tensor(1.0000),tensor(2.9128e-16),tensor(6.3917e-07)
tensor(0.9973),tensor(3.1972e-13),tensor(0.0027)
tensor(1.0000),tensor(2.9128e-16),tensor(6.3917e-07)
tensor(0.8137),tensor(1.6501e-10),tensor(0.1863)
tensor(0.9995),tensor(1.7077e-07),tensor(0.0005)
tensor(1.),tensor(4.4603e-11),tensor(2.7450e-11)
tensor(0.9975),tensor(9.7216e-28),tensor(0.0025)
tensor(0.9955),tensor(1.5687e-13),tensor(0.0045)
tensor(0.9929),tensor(6.9897e-07),tensor(0.0071)
tensor(0.9883),tensor(2.6966e-16),tensor(0.0117)
tensor(0.9946),tensor(2.2110e-14),tensor(0.0054)
tensor(0.9968),tensor(7.3154e-26),tensor(0.0032)
tensor(1.),tensor(9.9508e-37),tensor(2.2537e-08)
tensor(0.9945),tensor(3.4622e-32),tensor(0.0055)
tensor(0.9921),tensor(1.2750e-14),tensor(0.0079)
tensor(0.9949),tensor(4.3924e-11),tensor(0.0051)
tensor(0.9912),tensor(1.2872e-11),tensor(0.0088)
tensor(0.9961),tensor(9.2646e-28),tensor(0.0039)
tensor(0.9957),tensor(1.3536e-11),tensor(0.0043)
tensor(0.9411),tensor(0.0004),tensor(0.0585)
tensor(0.9879),tensor(5.7179e-06),tensor(0.0121)
tensor(0.9682),tensor(5.7061e-11),tensor(0.0318)
tensor(0.9818),tensor(1.0656e-05),tensor(0.0182)
tensor(0.9492),tensor(1.6317e-09),tensor(0.0508)
tensor(1.),tensor(3.0029e-39),tensor(1.3974e-12)
tensor(0.9358),tensor(2.1818e-23),tensor(0.0642)
tensor(1.),tensor(3.0029e-39),tensor(1.3974e-12)
tensor(0.9968),tensor(7.3154e-26),tensor(0.0032)
tensor(0.9926),tensor(8.0689e-17),tensor(0.0074)
tensor(0.9673),tensor(1.1934e-18),tensor(0.0327)
tensor(0.9991),tensor(7.4801e-17),tensor(0.0009)
tensor(0.9930),tensor(1.1356e-15),tensor(0.0070)
tensor(0.9977),tensor(5.2980e-19),tensor(0.0023)
tensor(0.9772),tensor(3.1203e-13),tensor(0.0228)
tensor(1.0000),tensor(5.3257e-17),tensor(9.3598e-07)
tensor(0.0002),tensor(1.2668e-10),tensor(0.9998)
tensor(1.),tensor(2.2081e-20),tensor(2.4477e-15)
tensor(0.8800),tensor(4.0561e-18),tensor(0.1200)
tensor(0.9994),tensor(6.0460e-12),tensor(0.0006)
tensor(0.9778),tensor(6.3638e-14),tensor(0.0222)
tensor(0.9859),tensor(2.5639e-08),tensor(0.0141)
tensor(0.9872),tensor(1.5409e-13),tensor(0.0128)
tensor(0.9778),tensor(6.3638e-14),tensor(0.0222)
tensor(0.9962),tensor(2.4532e-20),tensor(0.0038)
tensor(0.1104),tensor(1.1649e-12),tensor(0.8896)
tensor(0.8800),tensor(4.0561e-18),tensor(0.1200)
tensor(1.),tensor(2.2081e-20),tensor(2.4477e-15)
tensor(0.0002),tensor(1.2668e-10),tensor(0.9998)
tensor(0.8752),tensor(1.7327e-15),tensor(0.1248)
tensor(0.9938),tensor(9.1426e-17),tensor(0.0062)
tensor(0.9724),tensor(1.2688e-13),tensor(0.0276)
tensor(0.9938),tensor(3.2422e-17),tensor(0.0062)
tensor(1.),tensor(2.6000e-18),tensor(8.4601e-14)
tensor(2.9142e-07),tensor(1.6512e-10),tensor(1.0000)
tensor(0.9314),tensor(6.9771e-06),tensor(0.0686)
tensor(0.9644),tensor(0.0013),tensor(0.0343)
tensor(0.9572),tensor(5.4887e-11),tensor(0.0428)
tensor(0.9608),tensor(4.7892e-08),tensor(0.0392)
tensor(0.4267),tensor(0.0074),tensor(0.5659)
tensor(0.9434),tensor(3.9738e-11),tensor(0.0566)
tensor(0.0194),tensor(0.0054),tensor(0.9751)
tensor(0.0035),tensor(2.3289e-06),tensor(0.9965)
tensor(0.2288),tensor(2.5827e-06),tensor(0.7712)
tensor(0.0409),tensor(0.9134),tensor(0.0457)
tensor(0.9307),tensor(0.0010),tensor(0.0683)
tensor(0.9987),tensor(6.5495e-20),tensor(0.0013)
tensor(0.9726),tensor(2.8746e-07),tensor(0.0274)
tensor(0.9645),tensor(6.4769e-06),tensor(0.0355)
tensor(0.9464),tensor(1.3592e-09),tensor(0.0536)
tensor(0.9888),tensor(1.7356e-05),tensor(0.0112)
tensor(0.9786),tensor(2.4208e-05),tensor(0.0213)
tensor(0.9378),tensor(8.4614e-10),tensor(0.0622)
tensor(0.9811),tensor(4.0853e-11),tensor(0.0189)
tensor(0.9811),tensor(4.0853e-11),tensor(0.0189)
tensor(2.8952e-07),tensor(4.4227e-22),tensor(1.0000)
tensor(0.9854),tensor(3.7582e-09),tensor(0.0146)
tensor(0.9952),tensor(1.4943e-14),tensor(0.0048)
tensor(0.9870),tensor(8.7125e-14),tensor(0.0130)
tensor(0.9844),tensor(1.2695e-12),tensor(0.0156)
tensor(0.9930),tensor(5.8728e-17),tensor(0.0070)
tensor(0.9878),tensor(1.7338e-05),tensor(0.0122)
tensor(0.8168),tensor(7.8036e-09),tensor(0.1832)
tensor(0.6454),tensor(5.3683e-08),tensor(0.3546)
tensor(0.1269),tensor(0.3660),tensor(0.5071)
tensor(0.8005),tensor(5.5952e-18),tensor(0.1995)
tensor(0.9955),tensor(1.7609e-24),tensor(0.0045)
tensor(1.0000),tensor(2.2666e-21),tensor(8.8875e-06)
tensor(0.5185),tensor(4.1095e-15),tensor(0.4815)
tensor(0.9999),tensor(2.9696e-10),tensor(0.0001)
tensor(0.9718),tensor(5.5377e-37),tensor(0.0282)
tensor(0.9969),tensor(1.4908e-24),tensor(0.0031)
tensor(0.9878),tensor(1.1881e-34),tensor(0.0122)
tensor(0.9969),tensor(1.4908e-24),tensor(0.0031)
tensor(0.9916),tensor(3.0197e-20),tensor(0.0084)
tensor(0.4094),tensor(2.3201e-38),tensor(0.5906)
tensor(0.9880),tensor(1.3091e-09),tensor(0.0120)
tensor(0.9969),tensor(1.4908e-24),tensor(0.0031)
tensor(0.9969),tensor(7.0952e-25),tensor(0.0031)
tensor(0.0148),tensor(1.0234e-18),tensor(0.9852)
tensor(0.9819),tensor(2.2707e-10),tensor(0.0181)
tensor(0.9605),tensor(4.2438e-07),tensor(0.0395)
tensor(0.9819),tensor(2.2707e-10),tensor(0.0181)
tensor(1.0000),tensor(1.8314e-07),tensor(4.0669e-08)
tensor(1.0000),tensor(1.8488e-19),tensor(1.9273e-05)
tensor(0.9989),tensor(1.9999e-14),tensor(0.0011)
tensor(0.9983),tensor(1.6023e-18),tensor(0.0017)
tensor(1.),tensor(2.6870e-11),tensor(1.3551e-08)
tensor(0.7762),tensor(1.4984e-07),tensor(0.2238)
tensor(0.9924),tensor(4.4817e-08),tensor(0.0076)
tensor(1.0000),tensor(4.4603e-11),tensor(3.2603e-06)
tensor(0.9852),tensor(2.7513e-11),tensor(0.0148)
tensor(0.9711),tensor(7.3258e-08),tensor(0.0289)
tensor(0.9868),tensor(5.8603e-09),tensor(0.0132)
tensor(0.9541),tensor(0.0088),tensor(0.0371)
tensor(0.9354),tensor(6.6409e-11),tensor(0.0646)
tensor(0.7036),tensor(3.4663e-12),tensor(0.2964)
tensor(0.9522),tensor(2.9147e-15),tensor(0.0478)
tensor(0.1600),tensor(3.4884e-13),tensor(0.8400)
tensor(0.9869),tensor(6.9877e-20),tensor(0.0131)
tensor(0.7659),tensor(2.5956e-12),tensor(0.2341)
tensor(0.9903),tensor(1.5315e-17),tensor(0.0097)
tensor(0.9532),tensor(3.2890e-17),tensor(0.0468)
tensor(0.0944),tensor(3.0651e-30),tensor(0.9056)
tensor(0.0031),tensor(1.8977e-24),tensor(0.9969)
tensor(9.1956e-08),tensor(1.4047e-22),tensor(1.0000)
tensor(0.9915),tensor(9.3992e-13),tensor(0.0085)
tensor(0.9935),tensor(7.3209e-21),tensor(0.0065)
tensor(0.9892),tensor(2.4273e-16),tensor(0.0108)
tensor(0.9544),tensor(4.0358e-09),tensor(0.0456)
tensor(0.9794),tensor(9.2811e-15),tensor(0.0206)
tensor(0.9822),tensor(1.1527e-11),tensor(0.0178)
tensor(0.9887),tensor(3.2978e-13),tensor(0.0113)
tensor(0.0304),tensor(9.7521e-06),tensor(0.9696)
tensor(0.9809),tensor(8.4040e-14),tensor(0.0191)
tensor(0.9526),tensor(0.0088),tensor(0.0386)
tensor(0.9951),tensor(1.7741e-19),tensor(0.0049)
tensor(0.9980),tensor(1.4874e-19),tensor(0.0020)
tensor(3.5295e-07),tensor(8.5833e-26),tensor(1.0000)
tensor(0.9945),tensor(4.5954e-16),tensor(0.0055)
tensor(3.5295e-07),tensor(8.5833e-26),tensor(1.0000)
tensor(0.9999),tensor(1.6715e-27),tensor(7.5077e-05)
tensor(0.9792),tensor(6.4357e-19),tensor(0.0208)
tensor(0.0131),tensor(6.2265e-17),tensor(0.9869)
tensor(0.9957),tensor(2.0918e-22),tensor(0.0043)
tensor(0.9448),tensor(5.2449e-24),tensor(0.0552)
tensor(0.9919),tensor(2.4972e-20),tensor(0.0081)
tensor(0.9448),tensor(5.2449e-24),tensor(0.0552)
tensor(0.2340),tensor(3.7878e-16),tensor(0.7660)
tensor(0.9970),tensor(1.8792e-23),tensor(0.0030)
tensor(0.7703),tensor(2.5438e-19),tensor(0.2297)
tensor(0.1194),tensor(8.7765e-15),tensor(0.8806)
tensor(1.),tensor(2.1097e-21),tensor(1.1111e-08)
tensor(0.9917),tensor(9.4009e-13),tensor(0.0083)
tensor(0.9555),tensor(4.0405e-09),tensor(0.0445)
tensor(0.9459),tensor(2.8131e-08),tensor(0.0541)
tensor(0.9877),tensor(1.1117e-13),tensor(0.0123)
tensor(0.9877),tensor(4.1580e-17),tensor(0.0123)
tensor(0.9735),tensor(2.9657e-14),tensor(0.0265)
tensor(0.9459),tensor(2.8131e-08),tensor(0.0541)
tensor(0.9722),tensor(5.2728e-12),tensor(0.0278)
tensor(0.9489),tensor(0.0088),tensor(0.0423)
tensor(0.9648),tensor(6.1819e-15),tensor(0.0352)
tensor(0.9995),tensor(1.1577e-14),tensor(0.0005)
tensor(1.),tensor(4.4603e-11),tensor(1.9166e-08)
tensor(0.9533),tensor(1.9459e-11),tensor(0.0467)
tensor(0.6750),tensor(3.3253e-12),tensor(0.3250)
tensor(0.9513),tensor(2.9121e-15),tensor(0.0487)
tensor(0.9025),tensor(1.5308e-12),tensor(0.0975)
tensor(0.9497),tensor(8.2985e-08),tensor(0.0503)
tensor(0.7741),tensor(1.3743e-05),tensor(0.2259)
tensor(0.0023),tensor(4.7136e-19),tensor(0.9977)
tensor(0.9915),tensor(3.2994e-21),tensor(0.0085)
tensor(0.9856),tensor(1.6789e-13),tensor(0.0144)
tensor(0.9884),tensor(1.2060e-11),tensor(0.0116)
tensor(0.9852),tensor(6.0194e-05),tensor(0.0147)
tensor(0.9994),tensor(1.3771e-26),tensor(0.0006)
tensor(0.9966),tensor(8.7128e-23),tensor(0.0034)
tensor(1.),tensor(1.4490e-39),tensor(1.8847e-33)
tensor(0.9992),tensor(2.6153e-26),tensor(0.0008)
tensor(1.),tensor(3.1711e-37),tensor(5.1945e-22)
tensor(0.9946),tensor(3.7631e-19),tensor(0.0054)
tensor(1.0000),tensor(5.1220e-17),tensor(8.9041e-07)
tensor(0.9981),tensor(5.5485e-22),tensor(0.0019)
tensor(1.0000),tensor(3.9719e-25),tensor(4.0751e-07)
tensor(0.9988),tensor(1.1724e-35),tensor(0.0012)
tensor(0.9767),tensor(5.2196e-18),tensor(0.0233)
tensor(1.),tensor(6.2130e-35),tensor(1.8437e-22)
tensor(0.9767),tensor(5.2196e-18),tensor(0.0233)
tensor(1.0000),tensor(5.3257e-17),tensor(6.9755e-07)
tensor(0.7536),tensor(1.3130e-07),tensor(0.2464)
tensor(0.9926),tensor(2.2955e-10),tensor(0.0074)
tensor(0.9995),tensor(1.8305e-07),tensor(0.0005)
tensor(0.0002),tensor(1.1341e-10),tensor(0.9998)
tensor(7.3071e-08),tensor(3.5434e-17),tensor(1.0000)
tensor(0.9901),tensor(3.3026e-13),tensor(0.0099)
tensor(0.9783),tensor(5.3061e-12),tensor(0.0217)
tensor(0.9473),tensor(2.8170e-08),tensor(0.0527)
tensor(0.9836),tensor(3.5448e-11),tensor(0.0164)
tensor(0.9848),tensor(8.4372e-14),tensor(0.0152)
tensor(0.7631),tensor(7.9169e-07),tensor(0.2369)
tensor(0.0902),tensor(2.4374e-08),tensor(0.9098)
tensor(0.9991),tensor(9.2809e-13),tensor(0.0009)
tensor(0.9991),tensor(3.6905e-11),tensor(0.0009)
tensor(1.),tensor(2.6444e-28),tensor(9.7844e-10)
tensor(0.0127),tensor(2.8615e-10),tensor(0.9873)
tensor(0.9750),tensor(1.2194e-16),tensor(0.0250)
tensor(0.9892),tensor(3.6626e-16),tensor(0.0108)
tensor(0.9752),tensor(0.0002),tensor(0.0246)
tensor(0.9831),tensor(2.7329e-20),tensor(0.0169)
tensor(0.8090),tensor(3.1430e-20),tensor(0.1910)
tensor(0.8426),tensor(6.9311e-20),tensor(0.1574)
tensor(0.8206),tensor(1.3869e-32),tensor(0.1794)
tensor(0.9816),tensor(7.2215e-18),tensor(0.0184)
tensor(0.9607),tensor(1.6588e-11),tensor(0.0393)
tensor(0.9607),tensor(1.6588e-11),tensor(0.0393)
tensor(0.9842),tensor(2.6466e-15),tensor(0.0158)
tensor(0.9457),tensor(1.4801e-12),tensor(0.0543)
tensor(0.9457),tensor(1.0367e-08),tensor(0.0543)
tensor(0.9669),tensor(0.0001),tensor(0.0330)
tensor(0.7943),tensor(2.1626e-13),tensor(0.2057)
tensor(0.9659),tensor(7.0801e-06),tensor(0.0341)
tensor(0.9606),tensor(0.0002),tensor(0.0393)
tensor(0.9843),tensor(1.3302e-11),tensor(0.0157)
tensor(0.0010),tensor(8.1346e-12),tensor(0.9990)
tensor(0.8199),tensor(3.5295e-05),tensor(0.1801)
tensor(0.0188),tensor(8.4578e-08),tensor(0.9812)
tensor(0.8844),tensor(0.0002),tensor(0.1153)
tensor(0.6912),tensor(0.0002),tensor(0.3086)
tensor(0.2738),tensor(1.8503e-05),tensor(0.7262)
tensor(0.9116),tensor(2.4657e-06),tensor(0.0884)
tensor(0.0041),tensor(1.4224e-15),tensor(0.9959)
tensor(0.3223),tensor(1.1104e-15),tensor(0.6777)
tensor(0.6020),tensor(6.1940e-09),tensor(0.3980)
tensor(0.0188),tensor(8.4578e-08),tensor(0.9812)
tensor(0.8286),tensor(1.3211e-11),tensor(0.1714)
tensor(0.9658),tensor(0.0217),tensor(0.0125)
tensor(0.8286),tensor(1.3211e-11),tensor(0.1714)
tensor(0.0188),tensor(8.4578e-08),tensor(0.9812)
tensor(6.1143e-07),tensor(4.5507e-32),tensor(1.0000)
tensor(0.6912),tensor(0.0002),tensor(0.3086)
tensor(0.2110),tensor(1.0249e-08),tensor(0.7890)
tensor(0.1521),tensor(0.6836),tensor(0.1643)
tensor(0.9678),tensor(1.7191e-05),tensor(0.0321)
tensor(0.9845),tensor(1.3305e-11),tensor(0.0155)
tensor(0.9432),tensor(5.9657e-14),tensor(0.0568)
tensor(1.0000),tensor(4.7663e-08),tensor(4.4588e-05)
tensor(0.9608),tensor(8.1773e-22),tensor(0.0392)
tensor(0.9522),tensor(1.4908e-10),tensor(0.0478)
tensor(1.0000),tensor(2.8522e-11),tensor(6.8208e-06)
tensor(0.6912),tensor(2.7024e-07),tensor(0.3088)
tensor(0.9899),tensor(2.2541e-10),tensor(0.0101)
tensor(0.9700),tensor(2.3995e-05),tensor(0.0300)
tensor(0.9324),tensor(8.4128e-10),tensor(0.0676)
tensor(0.9554),tensor(4.2211e-07),tensor(0.0446)
tensor(0.9570),tensor(1.7913e-08),tensor(0.0430)
tensor(0.9520),tensor(9.9838e-13),tensor(0.0480)
tensor(0.6632),tensor(0.0002),tensor(0.3366)
tensor(0.9440),tensor(1.3557e-09),tensor(0.0560)
tensor(0.9570),tensor(1.7913e-08),tensor(0.0430)
tensor(0.9440),tensor(1.3557e-09),tensor(0.0560)
tensor(0.9261),tensor(3.3053e-07),tensor(0.0739)
tensor(1.0000),tensor(1.8314e-07),tensor(8.1516e-06)
tensor(0.9760),tensor(1.0794e-16),tensor(0.0240)
tensor(0.9945),tensor(1.1277e-20),tensor(0.0055)
tensor(0.9940),tensor(9.9417e-21),tensor(0.0060)
tensor(0.8514),tensor(2.3636e-26),tensor(0.1486)
tensor(0.0922),tensor(2.4919e-08),tensor(0.9078)
tensor(0.9981),tensor(1.2894e-14),tensor(0.0019)
tensor(0.9904),tensor(3.6585e-11),tensor(0.0096)
tensor(0.0002),tensor(1.0966e-10),tensor(0.9998)
tensor(7.4014e-08),tensor(3.5891e-17),tensor(1.0000)
tensor(0.9935),tensor(1.7680e-10),tensor(0.0065)
tensor(0.9977),tensor(2.4267e-07),tensor(0.0023)
tensor(1.0000),tensor(1.5272e-06),tensor(7.0574e-09)
tensor(0.9981),tensor(0.0019),tensor(6.0567e-08)
tensor(0.9970),tensor(5.2602e-10),tensor(0.0030)
tensor(0.9999),tensor(9.5973e-05),tensor(2.5680e-08)
tensor(1.),tensor(2.2975e-34),tensor(2.2975e-34)
tensor(0.9978),tensor(0.0022),tensor(2.9306e-08)
tensor(1.),tensor(2.2975e-34),tensor(2.2975e-34)
tensor(1.0000),tensor(1.6981e-13),tensor(1.2127e-06)
tensor(1.),tensor(7.8785e-13),tensor(1.6319e-29)
tensor(0.9999),tensor(0.0001),tensor(1.6001e-37)
tensor(1.),tensor(4.6281e-13),tensor(1.3730e-40)
tensor(1.),tensor(1.9030e-17),tensor(3.1589e-40)
tensor(0.9996),tensor(9.1437e-18),tensor(0.0004)
tensor(0.9864),tensor(2.7548e-11),tensor(0.0136)
tensor(0.9856),tensor(8.0724e-10),tensor(0.0144)
tensor(0.9807),tensor(1.0346e-13),tensor(0.0193)
tensor(0.0041),tensor(1.8873e-12),tensor(0.9959)
tensor(0.9936),tensor(1.5514e-07),tensor(0.0064)
tensor(0.7957),tensor(5.0709e-08),tensor(0.2043)
tensor(0.9042),tensor(1.5061e-13),tensor(0.0958)
tensor(0.9900),tensor(4.8704e-15),tensor(0.0100)
tensor(0.9744),tensor(0.0090),tensor(0.0166)
tensor(0.9920),tensor(3.3124e-27),tensor(0.0080)
tensor(0.9792),tensor(2.6272e-33),tensor(0.0208)
tensor(0.9884),tensor(4.2419e-16),tensor(0.0116)
tensor(0.7164),tensor(1.9888e-26),tensor(0.2836)
