tensor(1.),tensor(4.9399e-39),tensor(7.4751e-39)
tensor(1.),tensor(2.7130e-38),tensor(2.7130e-38)
tensor(1.),tensor(4.9399e-39),tensor(7.4751e-39)
tensor(1.),tensor(1.3687e-38),tensor(1.3687e-38)
tensor(1.),tensor(3.2883e-39),tensor(3.2883e-39)
tensor(1.),tensor(2.7130e-38),tensor(2.7130e-38)
tensor(1.),tensor(1.8521e-22),tensor(1.8521e-22)
tensor(1.),tensor(4.3654e-36),tensor(4.3654e-36)
tensor(1.),tensor(1.2323e-38),tensor(7.3179e-38)
tensor(0.9379),tensor(1.6121e-38),tensor(0.0621)
tensor(0.3668),tensor(1.2355e-38),tensor(0.6332)
tensor(0.5105),tensor(8.5729e-39),tensor(0.4895)
tensor(0.8244),tensor(2.0387e-38),tensor(0.1756)
tensor(0.6509),tensor(5.6708e-39),tensor(0.3491)
tensor(0.4047),tensor(1.0042e-38),tensor(0.5953)
tensor(0.8447),tensor(2.9437e-39),tensor(0.1553)
tensor(0.8244),tensor(2.0387e-38),tensor(0.1756)
tensor(0.4544),tensor(1.0426e-38),tensor(0.5456)
tensor(0.6760),tensor(5.4853e-39),tensor(0.3240)
tensor(0.1922),tensor(1.2678e-38),tensor(0.8078)
tensor(0.0544),tensor(2.8006e-38),tensor(0.9456)
tensor(1.),tensor(8.0586e-31),tensor(4.8865e-32)
tensor(1.),tensor(1.0235e-33),tensor(1.0235e-33)
tensor(1.),tensor(4.3025e-33),tensor(4.3025e-33)
tensor(1.),tensor(2.6031e-38),tensor(2.6031e-38)
tensor(1.),tensor(4.7569e-37),tensor(9.6487e-38)
tensor(1.),tensor(7.8579e-39),tensor(7.8579e-39)
tensor(0.5417),tensor(1.9989e-32),tensor(0.4583)
tensor(0.8272),tensor(2.9827e-39),tensor(0.1728)
tensor(0.9635),tensor(8.1408e-40),tensor(0.0365)
tensor(0.9929),tensor(3.1334e-40),tensor(0.0071)
tensor(0.5783),tensor(2.6938e-38),tensor(0.4217)
tensor(0.2591),tensor(2.2340e-38),tensor(0.7409)
tensor(1.),tensor(3.6031e-34),tensor(6.6983e-13)
tensor(4.1347e-06),tensor(2.7450e-36),tensor(1.0000)
tensor(0.0002),tensor(2.1570e-35),tensor(0.9998)
tensor(0.9743),tensor(1.2826e-39),tensor(0.0257)
tensor(0.0728),tensor(4.5168e-38),tensor(0.9272)
tensor(0.9079),tensor(3.2269e-39),tensor(0.0921)
tensor(0.7071),tensor(9.6778e-39),tensor(0.2929)
tensor(0.7949),tensor(6.9771e-35),tensor(0.2051)
tensor(0.0057),tensor(5.3418e-38),tensor(0.9943)
tensor(0.7012),tensor(4.8708e-39),tensor(0.2988)
tensor(1.),tensor(8.1212e-39),tensor(6.5527e-16)
tensor(1.),tensor(1.5391e-37),tensor(7.6615e-29)
tensor(1.),tensor(1.1301e-38),tensor(1.1831e-22)
tensor(1.),tensor(2.9478e-38),tensor(2.6941e-32)
tensor(1.),tensor(1.0881e-34),tensor(1.0881e-34)
tensor(1.),tensor(4.5469e-31),tensor(4.5469e-31)
tensor(1.),tensor(5.0592e-25),tensor(5.0592e-25)
tensor(1.),tensor(3.0115e-39),tensor(3.0115e-39)
tensor(1.),tensor(3.9687e-39),tensor(3.9687e-39)
tensor(1.),tensor(3.3644e-39),tensor(2.0741e-38)
tensor(1.),tensor(7.1335e-40),tensor(7.1335e-40)
tensor(1.),tensor(3.3644e-39),tensor(2.0741e-38)
tensor(1.),tensor(8.2900e-40),tensor(1.0991e-39)
tensor(1.),tensor(1.9256e-38),tensor(1.3296e-38)
tensor(1.),tensor(1.4785e-31),tensor(8.4423e-33)
tensor(1.),tensor(1.6159e-28),tensor(1.6159e-28)
tensor(1.),tensor(5.0427e-36),tensor(5.0427e-36)
tensor(1.),tensor(3.8310e-36),tensor(3.8310e-36)
tensor(1.),tensor(1.4569e-37),tensor(1.4569e-37)
tensor(1.),tensor(4.9658e-34),tensor(4.9658e-34)
tensor(1.),tensor(5.8138e-39),tensor(5.8138e-39)
tensor(1.),tensor(3.7175e-39),tensor(3.7175e-39)
tensor(1.),tensor(1.1702e-34),tensor(1.1702e-34)
tensor(1.),tensor(4.6706e-39),tensor(4.6706e-39)
tensor(1.),tensor(4.0706e-39),tensor(4.0706e-39)
tensor(1.),tensor(2.1222e-36),tensor(2.1222e-36)
tensor(1.),tensor(2.0695e-34),tensor(2.0695e-34)
tensor(1.),tensor(1.4836e-37),tensor(1.4836e-37)
tensor(2.2261e-07),tensor(6.4749e-38),tensor(1.0000)
tensor(2.2261e-07),tensor(6.4749e-38),tensor(1.0000)
tensor(0.1331),tensor(2.0492e-38),tensor(0.8669)
tensor(1.),tensor(1.0881e-34),tensor(1.0881e-34)
tensor(1.),tensor(1.7810e-39),tensor(1.7810e-39)
tensor(1.),tensor(1.0371e-38),tensor(1.6611e-37)
tensor(1.),tensor(1.7208e-38),tensor(1.7208e-38)
tensor(1.),tensor(6.0205e-39),tensor(6.0205e-39)
tensor(0.9920),tensor(1.6666e-39),tensor(0.0080)
tensor(9.7708e-07),tensor(6.2884e-38),tensor(1.0000)
tensor(0.0167),tensor(1.5897e-38),tensor(0.9833)
tensor(0.7209),tensor(5.2264e-39),tensor(0.2791)
tensor(0.4899),tensor(8.5564e-39),tensor(0.5101)
tensor(0.8208),tensor(3.9901e-39),tensor(0.1792)
tensor(0.8532),tensor(2.6141e-39),tensor(0.1468)
tensor(0.8064),tensor(4.6856e-39),tensor(0.1936)
tensor(0.2193),tensor(3.4931e-38),tensor(0.7807)
tensor(0.9514),tensor(1.1499e-39),tensor(0.0486)
tensor(0.9810),tensor(3.8943e-40),tensor(0.0190)
tensor(0.5449),tensor(8.6490e-39),tensor(0.4551)
tensor(0.9896),tensor(2.5512e-39),tensor(0.0104)
tensor(0.9796),tensor(3.6586e-40),tensor(0.0204)
tensor(0.9096),tensor(1.7040e-39),tensor(0.0904)
tensor(0.7666),tensor(4.7665e-39),tensor(0.2334)
tensor(0.9514),tensor(1.1499e-39),tensor(0.0486)
tensor(0.9810),tensor(3.8943e-40),tensor(0.0190)
tensor(0.8300),tensor(3.7823e-39),tensor(0.1700)
tensor(1.),tensor(1.8882e-31),tensor(1.8882e-31)
tensor(1.),tensor(3.6849e-40),tensor(3.6849e-40)
tensor(1.),tensor(1.7367e-39),tensor(1.7367e-39)
tensor(1.),tensor(5.4561e-40),tensor(5.4561e-40)
tensor(1.),tensor(2.8853e-38),tensor(2.8853e-38)
tensor(1.),tensor(8.7453e-37),tensor(1.8967e-27)
tensor(1.),tensor(3.8444e-38),tensor(1.0542e-31)
tensor(1.),tensor(3.9766e-38),tensor(3.1730e-31)
tensor(1.),tensor(1.8706e-38),tensor(1.9985e-29)
tensor(1.),tensor(5.1249e-33),tensor(5.1249e-33)
tensor(3.7169e-09),tensor(3.1175e-38),tensor(1.)
tensor(0.9814),tensor(5.1121e-40),tensor(0.0186)
tensor(0.9454),tensor(1.3301e-39),tensor(0.0546)
tensor(0.9958),tensor(9.7455e-41),tensor(0.0042)
tensor(0.9932),tensor(1.4257e-40),tensor(0.0068)
tensor(0.9910),tensor(1.9420e-40),tensor(0.0090)
tensor(0.1729),tensor(1.6946e-38),tensor(0.8271)
tensor(0.3329),tensor(1.5095e-38),tensor(0.6671)
tensor(0.9214),tensor(1.7624e-39),tensor(0.0786)
tensor(0.3329),tensor(1.5095e-38),tensor(0.6671)
tensor(1.),tensor(1.9001e-28),tensor(1.9001e-28)
tensor(0.8096),tensor(5.2542e-39),tensor(0.1904)
tensor(0.9028),tensor(2.4528e-39),tensor(0.0972)
tensor(0.4461),tensor(1.0726e-38),tensor(0.5539)
tensor(0.8521),tensor(3.1132e-39),tensor(0.1479)
tensor(2.8752e-05),tensor(2.3785e-38),tensor(1.0000)
tensor(0.9028),tensor(2.4528e-39),tensor(0.0972)
tensor(0.9349),tensor(1.0322e-37),tensor(0.0651)
tensor(0.4745),tensor(1.2513e-38),tensor(0.5255)
tensor(2.8752e-05),tensor(2.3785e-38),tensor(1.0000)
tensor(0.9190),tensor(1.0670e-34),tensor(0.0810)
tensor(4.1107e-15),tensor(1.7962e-36),tensor(1.)
tensor(1.0845e-30),tensor(8.9567e-34),tensor(1.)
tensor(1.),tensor(1.6687e-30),tensor(1.6687e-30)
tensor(1.),tensor(1.0426e-36),tensor(7.5775e-36)
tensor(1.),tensor(2.0660e-37),tensor(5.4420e-32)
tensor(1.),tensor(1.2744e-36),tensor(7.8829e-35)
tensor(1.),tensor(2.8152e-36),tensor(7.2103e-33)
tensor(1.3991e-09),tensor(1.2357e-37),tensor(1.)
tensor(0.0001),tensor(2.4458e-38),tensor(0.9999)
tensor(0.8725),tensor(2.7414e-39),tensor(0.1275)
tensor(0.7527),tensor(5.6782e-39),tensor(0.2473)
tensor(0.9517),tensor(7.1535e-39),tensor(0.0483)
tensor(0.9190),tensor(1.0670e-34),tensor(0.0810)
tensor(0.9334),tensor(2.8110e-39),tensor(0.0666)
tensor(0.9372),tensor(3.7194e-39),tensor(0.0628)
tensor(0.9744),tensor(4.2595e-36),tensor(0.0256)
tensor(0.2380),tensor(4.3219e-35),tensor(0.7620)
tensor(0.8794),tensor(3.4648e-36),tensor(0.1206)
tensor(0.0225),tensor(5.1989e-38),tensor(0.9775)
tensor(0.9031),tensor(2.9696e-39),tensor(0.0969)
tensor(0.5571),tensor(1.0485e-38),tensor(0.4429)
tensor(0.5533),tensor(4.3782e-38),tensor(0.4467)
tensor(0.7949),tensor(6.9771e-35),tensor(0.2051)
tensor(0.1176),tensor(1.7451e-38),tensor(0.8824)
tensor(2.6410e-07),tensor(7.6817e-38),tensor(1.0000)
tensor(0.6888),tensor(5.3349e-39),tensor(0.3112)
tensor(0.4579),tensor(1.5363e-38),tensor(0.5421)
tensor(0.0596),tensor(1.4811e-38),tensor(0.9404)
tensor(0.3785),tensor(1.4876e-38),tensor(0.6215)
tensor(0.4078),tensor(1.1596e-38),tensor(0.5922)
tensor(0.3930),tensor(1.2607e-35),tensor(0.6070)
tensor(0.5732),tensor(7.1057e-39),tensor(0.4268)
tensor(0.1960),tensor(1.2931e-38),tensor(0.8040)
tensor(7.0809e-05),tensor(1.6838e-38),tensor(0.9999)
tensor(0.0014),tensor(2.4532e-36),tensor(0.9986)
tensor(2.8388e-07),tensor(2.9831e-27),tensor(1.0000)
tensor(0.1295),tensor(3.2288e-38),tensor(0.8705)
tensor(0.0086),tensor(1.8150e-38),tensor(0.9914)
tensor(0.0022),tensor(1.6099e-34),tensor(0.9978)
tensor(9.1063e-05),tensor(2.2999e-31),tensor(0.9999)
tensor(0.0018),tensor(2.1216e-38),tensor(0.9982)
tensor(0.6497),tensor(6.3810e-39),tensor(0.3503)
tensor(0.0008),tensor(5.5316e-38),tensor(0.9992)
tensor(0.6497),tensor(6.3810e-39),tensor(0.3503)
tensor(2.1585e-14),tensor(1.7953e-38),tensor(1.)
tensor(1.),tensor(7.3418e-23),tensor(5.0231e-12)
tensor(2.7986e-05),tensor(1.5889e-38),tensor(1.0000)
tensor(0.2552),tensor(1.2862e-38),tensor(0.7448)
tensor(0.0072),tensor(2.0672e-38),tensor(0.9928)
tensor(9.1063e-05),tensor(2.2999e-31),tensor(0.9999)
tensor(7.1199e-08),tensor(4.5220e-38),tensor(1.0000)
tensor(0.4699),tensor(8.3024e-39),tensor(0.5301)
tensor(1.7897e-09),tensor(1.5555e-38),tensor(1.)
tensor(8.2376e-27),tensor(1.0132e-37),tensor(1.)
tensor(9.3916e-13),tensor(1.1601e-37),tensor(1.)
tensor(0.0427),tensor(1.9835e-38),tensor(0.9573)
tensor(0.9690),tensor(4.7404e-39),tensor(0.0310)
tensor(0.6051),tensor(1.3678e-38),tensor(0.3949)
tensor(1.0000),tensor(3.1373e-36),tensor(6.0966e-06)
tensor(1.0849e-09),tensor(9.5823e-38),tensor(1.)
tensor(1.9746e-07),tensor(1.2735e-33),tensor(1.0000)
tensor(0.0003),tensor(2.1923e-37),tensor(0.9997)
tensor(0.9759),tensor(5.8616e-40),tensor(0.0241)
tensor(3.9071e-06),tensor(2.1274e-38),tensor(1.0000)
tensor(0.0096),tensor(4.1829e-38),tensor(0.9904)
tensor(0.6362),tensor(7.8398e-39),tensor(0.3638)
tensor(0.8614),tensor(1.1933e-37),tensor(0.1386)
tensor(0.6362),tensor(7.8398e-39),tensor(0.3638)
tensor(0.0566),tensor(3.5102e-38),tensor(0.9434)
tensor(1.),tensor(8.7774e-35),tensor(7.2810e-20)
tensor(1.0000),tensor(7.7660e-40),tensor(1.0660e-05)
tensor(0.9871),tensor(4.4983e-39),tensor(0.0129)
tensor(1.0000),tensor(7.7660e-40),tensor(1.0660e-05)
tensor(0.9914),tensor(1.3235e-39),tensor(0.0086)
tensor(0.9240),tensor(5.7450e-39),tensor(0.0760)
tensor(0.9689),tensor(1.6040e-39),tensor(0.0311)
tensor(0.9900),tensor(3.6973e-40),tensor(0.0100)
tensor(0.9961),tensor(3.0465e-39),tensor(0.0039)
tensor(0.9538),tensor(2.0070e-39),tensor(0.0462)
tensor(0.9650),tensor(1.8077e-39),tensor(0.0350)
tensor(0.9801),tensor(6.3652e-40),tensor(0.0199)
tensor(0.9894),tensor(2.1411e-39),tensor(0.0106)
tensor(0.9937),tensor(5.1316e-40),tensor(0.0063)
tensor(0.9472),tensor(4.9721e-39),tensor(0.0528)
tensor(0.9895),tensor(8.2029e-40),tensor(0.0105)
tensor(0.1867),tensor(5.6643e-38),tensor(0.8133)
tensor(5.6774e-07),tensor(1.6513e-37),tensor(1.0000)
tensor(0.9976),tensor(1.1220e-37),tensor(0.0024)
tensor(0.9994),tensor(1.5044e-35),tensor(0.0006)
tensor(6.8636e-05),tensor(1.8873e-37),tensor(0.9999)
tensor(4.5539e-05),tensor(6.7331e-36),tensor(1.0000)
tensor(0.9988),tensor(4.5042e-37),tensor(0.0012)
tensor(0.0595),tensor(2.9981e-37),tensor(0.9405)
tensor(0.9988),tensor(4.5042e-37),tensor(0.0012)
tensor(4.5192e-06),tensor(5.1717e-37),tensor(1.0000)
tensor(1.),tensor(1.8158e-34),tensor(6.0413e-14)
tensor(1.),tensor(2.7734e-38),tensor(2.9241e-16)
tensor(1.),tensor(1.8158e-34),tensor(1.8158e-34)
tensor(1.),tensor(8.7854e-39),tensor(2.8650e-35)
tensor(1.),tensor(3.4847e-39),tensor(3.4847e-39)
tensor(1.),tensor(4.1352e-39),tensor(4.1276e-37)
tensor(1.),tensor(2.8001e-38),tensor(4.9941e-35)
tensor(1.),tensor(3.0114e-39),tensor(1.0583e-38)
tensor(1.),tensor(8.4008e-39),tensor(8.4008e-39)
tensor(1.),tensor(1.7622e-38),tensor(2.1085e-37)
tensor(1.),tensor(9.2828e-35),tensor(5.5600e-34)
tensor(1.),tensor(7.6117e-39),tensor(7.6117e-39)
tensor(1.),tensor(2.3780e-34),tensor(2.6010e-34)
tensor(1.),tensor(8.3118e-39),tensor(7.7631e-37)
tensor(1.),tensor(9.5589e-39),tensor(6.4176e-36)
tensor(1.),tensor(6.5979e-38),tensor(2.7336e-36)
tensor(1.),tensor(1.2104e-38),tensor(1.2104e-38)
tensor(0.1336),tensor(2.3498e-34),tensor(0.8664)
tensor(0.1022),tensor(1.4178e-38),tensor(0.8978)
tensor(2.9514e-06),tensor(3.6265e-38),tensor(1.0000)
tensor(1.),tensor(1.2615e-35),tensor(2.9894e-17)
tensor(0.0001),tensor(1.9327e-38),tensor(0.9999)
tensor(0.0538),tensor(1.5812e-38),tensor(0.9462)
tensor(1.),tensor(2.5209e-35),tensor(1.2823e-28)
tensor(1.),tensor(1.0725e-37),tensor(1.0725e-37)
tensor(1.),tensor(6.7875e-35),tensor(6.7875e-35)
tensor(1.),tensor(6.1464e-38),tensor(6.1464e-38)
tensor(1.),tensor(4.5491e-39),tensor(4.5491e-39)
tensor(0.0044),tensor(2.9452e-33),tensor(0.9956)
tensor(0.6951),tensor(6.0828e-39),tensor(0.3049)
tensor(0.0258),tensor(2.7365e-38),tensor(0.9742)
tensor(0.6951),tensor(6.0828e-39),tensor(0.3049)
tensor(0.1325),tensor(2.0599e-38),tensor(0.8675)
tensor(0.9376),tensor(3.8435e-35),tensor(0.0624)
tensor(0.6154),tensor(1.2755e-37),tensor(0.3846)
tensor(0.9581),tensor(1.0958e-39),tensor(0.0419)
tensor(0.8535),tensor(4.0208e-39),tensor(0.1465)
tensor(0.9581),tensor(1.0958e-39),tensor(0.0419)
tensor(0.6154),tensor(1.2755e-37),tensor(0.3846)
tensor(0.9581),tensor(1.0958e-39),tensor(0.0419)
tensor(0.9733),tensor(4.1238e-39),tensor(0.0267)
tensor(0.7495),tensor(7.9965e-39),tensor(0.2505)
tensor(0.9802),tensor(5.6786e-40),tensor(0.0198)
tensor(1.),tensor(5.4124e-37),tensor(9.8963e-13)
tensor(0.9967),tensor(1.6744e-39),tensor(0.0033)
tensor(0.8368),tensor(6.2954e-39),tensor(0.1632)
tensor(0.8259),tensor(6.0739e-39),tensor(0.1741)
tensor(0.1296),tensor(2.0307e-38),tensor(0.8704)
tensor(0.5435),tensor(2.0058e-32),tensor(0.4565)
tensor(0.0001),tensor(3.3045e-37),tensor(0.9999)
tensor(0.0008),tensor(5.7487e-37),tensor(0.9992)
tensor(0.0006),tensor(9.5011e-34),tensor(0.9994)
tensor(0.8644),tensor(3.2742e-39),tensor(0.1356)
tensor(0.4168),tensor(1.1087e-38),tensor(0.5832)
tensor(0.9243),tensor(1.2411e-39),tensor(0.0757)
tensor(0.3593),tensor(1.1393e-38),tensor(0.6407)
tensor(0.1471),tensor(1.4845e-38),tensor(0.8529)
tensor(0.8878),tensor(1.8176e-39),tensor(0.1122)
tensor(0.5879),tensor(7.7566e-39),tensor(0.4121)
tensor(0.8495),tensor(2.4375e-39),tensor(0.1505)
tensor(0.9305),tensor(1.1447e-39),tensor(0.0695)
tensor(0.9724),tensor(5.3079e-40),tensor(0.0276)
tensor(0.8020),tensor(3.0422e-39),tensor(0.1980)
tensor(0.5498),tensor(7.4717e-39),tensor(0.4502)
tensor(0.9673),tensor(5.3972e-40),tensor(0.0327)
tensor(0.9364),tensor(1.0134e-39),tensor(0.0636)
tensor(0.7420),tensor(4.2779e-39),tensor(0.2580)
tensor(0.9601),tensor(6.5659e-40),tensor(0.0399)
tensor(0.8339),tensor(5.9376e-39),tensor(0.1661)
tensor(0.7916),tensor(6.6972e-39),tensor(0.2084)
tensor(0.9857),tensor(1.6559e-39),tensor(0.0143)
tensor(0.1247),tensor(1.9191e-38),tensor(0.8753)
tensor(0.7070),tensor(7.1999e-38),tensor(0.2930)
tensor(1.0000),tensor(1.0881e-34),tensor(3.4416e-06)
tensor(7.0265e-05),tensor(6.3745e-38),tensor(0.9999)
tensor(0.0014),tensor(2.3038e-33),tensor(0.9986)
tensor(0.0454),tensor(2.5465e-38),tensor(0.9546)
tensor(0.9929),tensor(4.1083e-39),tensor(0.0071)
tensor(0.2504),tensor(1.9233e-38),tensor(0.7496)
tensor(6.9105e-10),tensor(1.2174e-36),tensor(1.)
tensor(6.2987e-08),tensor(2.2213e-38),tensor(1.0000)
tensor(1.),tensor(5.7931e-40),tensor(5.7931e-40)
tensor(1.),tensor(6.9813e-39),tensor(6.9813e-39)
tensor(1.),tensor(6.6356e-39),tensor(6.6356e-39)
tensor(1.),tensor(1.6800e-39),tensor(1.6800e-39)
tensor(1.),tensor(1.1044e-37),tensor(1.1333e-32)
tensor(1.),tensor(1.2146e-33),tensor(1.2146e-33)
tensor(1.),tensor(8.3873e-30),tensor(8.3873e-30)
tensor(1.),tensor(3.3683e-38),tensor(3.3683e-38)
tensor(1.),tensor(5.2745e-38),tensor(5.2745e-38)
tensor(1.),tensor(4.9747e-37),tensor(4.9747e-37)
tensor(1.),tensor(8.3118e-39),tensor(7.7631e-37)
tensor(1.),tensor(2.3780e-34),tensor(2.6010e-34)
tensor(1.),tensor(1.1425e-37),tensor(1.1425e-37)
tensor(1.),tensor(2.3780e-34),tensor(2.6010e-34)
tensor(1.),tensor(3.4517e-38),tensor(3.4517e-38)
tensor(1.),tensor(1.9606e-38),tensor(1.9606e-38)
tensor(1.),tensor(2.2945e-38),tensor(3.3325e-37)
tensor(1.),tensor(2.2494e-39),tensor(8.8940e-37)
tensor(1.),tensor(2.5552e-39),tensor(2.1244e-34)
tensor(0.2418),tensor(1.3307e-38),tensor(0.7582)
tensor(0.6897),tensor(1.7599e-38),tensor(0.3103)
tensor(0.7647),tensor(1.0768e-38),tensor(0.2353)
tensor(0.7075),tensor(9.3767e-39),tensor(0.2925)
tensor(0.7647),tensor(1.0768e-38),tensor(0.2353)
tensor(1.),tensor(1.0881e-34),tensor(3.8655e-20)
tensor(0.7992),tensor(1.1788e-38),tensor(0.2008)
tensor(1.0000),tensor(2.0478e-39),tensor(2.3572e-07)
tensor(0.5874),tensor(1.1266e-29),tensor(0.4126)
tensor(0.9901),tensor(9.6250e-40),tensor(0.0099)
tensor(0.9894),tensor(7.8417e-40),tensor(0.0106)
tensor(1.),tensor(1.2553e-38),tensor(2.7102e-38)
tensor(0.9831),tensor(7.8452e-40),tensor(0.0169)
tensor(0.9551),tensor(1.8223e-39),tensor(0.0449)
tensor(0.3696),tensor(4.1790e-38),tensor(0.6304)
tensor(0.0279),tensor(1.9261e-38),tensor(0.9721)
tensor(1.4834e-08),tensor(1.8714e-38),tensor(1.)
tensor(1.0724e-08),tensor(9.4715e-37),tensor(1.)
tensor(0.9309),tensor(2.3349e-39),tensor(0.0691)
tensor(0.9235),tensor(2.1291e-39),tensor(0.0765)
tensor(0.7618),tensor(1.0096e-38),tensor(0.2382)
tensor(0.9561),tensor(9.7374e-38),tensor(0.0439)
tensor(0.1646),tensor(2.5326e-38),tensor(0.8354)
tensor(0.6879),tensor(7.7742e-39),tensor(0.3121)
tensor(0.6064),tensor(1.9615e-37),tensor(0.3936)
tensor(0.5749),tensor(6.2555e-35),tensor(0.4251)
tensor(0.9339),tensor(1.0107e-39),tensor(0.0661)
tensor(0.9576),tensor(6.8162e-40),tensor(0.0424)
tensor(0.8978),tensor(2.3098e-39),tensor(0.1022)
tensor(0.9913),tensor(2.8146e-40),tensor(0.0087)
tensor(0.9989),tensor(1.4191e-40),tensor(0.0011)
tensor(0.0007),tensor(1.6198e-38),tensor(0.9993)
tensor(1.0724e-08),tensor(9.4715e-37),tensor(1.)
tensor(0.2346),tensor(8.8618e-37),tensor(0.7654)
tensor(0.0384),tensor(3.8276e-38),tensor(0.9616)
tensor(3.9734e-07),tensor(9.2741e-38),tensor(1.0000)
tensor(4.8092e-16),tensor(7.8067e-35),tensor(1.)
tensor(6.7109e-05),tensor(1.1198e-34),tensor(0.9999)
tensor(1.2514e-13),tensor(6.3309e-38),tensor(1.)
tensor(0.9962),tensor(9.7486e-41),tensor(0.0038)
tensor(0.9937),tensor(1.4265e-40),tensor(0.0063)
tensor(0.9918),tensor(1.9434e-40),tensor(0.0082)
tensor(0.7434),tensor(1.0159e-37),tensor(0.2566)
tensor(1.),tensor(3.5717e-35),tensor(8.4950e-18)
tensor(0.7434),tensor(1.0159e-37),tensor(0.2566)
tensor(0.9892),tensor(4.9122e-34),tensor(0.0108)
tensor(4.5925e-13),tensor(1.5883e-38),tensor(1.)
tensor(0.0256),tensor(1.6132e-38),tensor(0.9744)
tensor(0.1375),tensor(3.4671e-36),tensor(0.8625)
tensor(1.),tensor(2.5564e-34),tensor(8.9608e-17)
tensor(0.9930),tensor(3.0093e-40),tensor(0.0070)
tensor(1.),tensor(2.8853e-38),tensor(2.8853e-38)
tensor(1.),tensor(7.7025e-36),tensor(1.4477e-21)
tensor(1.),tensor(8.9036e-35),tensor(6.6962e-09)
tensor(4.9093e-05),tensor(8.6184e-35),tensor(1.0000)
tensor(0.7776),tensor(6.4969e-39),tensor(0.2224)
tensor(0.8335),tensor(4.7570e-39),tensor(0.1665)
tensor(0.9687),tensor(1.0887e-39),tensor(0.0313)
tensor(0.8335),tensor(4.7570e-39),tensor(0.1665)
tensor(0.9668),tensor(9.2981e-40),tensor(0.0332)
tensor(0.0735),tensor(2.5588e-38),tensor(0.9265)
tensor(0.6266),tensor(1.4164e-38),tensor(0.3734)
tensor(0.9960),tensor(3.1248e-36),tensor(0.0040)
tensor(0.9257),tensor(1.2430e-39),tensor(0.0743)
tensor(0.4733),tensor(1.0954e-38),tensor(0.5267)
tensor(0.6360),tensor(7.1749e-39),tensor(0.3640)
tensor(1.),tensor(1.0091e-37),tensor(3.2055e-36)
tensor(1.),tensor(1.2689e-38),tensor(1.2689e-38)
tensor(1.),tensor(1.7536e-38),tensor(1.7536e-38)
tensor(1.),tensor(5.6043e-36),tensor(5.6043e-36)
tensor(1.),tensor(6.4260e-39),tensor(6.4260e-39)
tensor(1.),tensor(5.7931e-40),tensor(5.7931e-40)
tensor(1.),tensor(1.1436e-39),tensor(1.1436e-39)
tensor(0.9922),tensor(2.6673e-36),tensor(0.0078)
tensor(0.6671),tensor(6.6073e-39),tensor(0.3329)
tensor(0.6416),tensor(6.4040e-39),tensor(0.3584)
tensor(0.5572),tensor(7.4872e-39),tensor(0.4428)
tensor(0.3598),tensor(1.2035e-38),tensor(0.6402)
tensor(0.8776),tensor(3.3240e-39),tensor(0.1224)
tensor(0.3673),tensor(1.1647e-38),tensor(0.6327)
tensor(0.8906),tensor(1.8333e-39),tensor(0.1094)
tensor(0.7774),tensor(1.4142e-38),tensor(0.2226)
tensor(0.6386),tensor(6.3127e-39),tensor(0.3614)
tensor(0.9418),tensor(1.0775e-39),tensor(0.0582)
tensor(0.6560),tensor(6.2211e-39),tensor(0.3440)
tensor(0.8645),tensor(2.3496e-39),tensor(0.1355)
tensor(0.5572),tensor(7.4872e-39),tensor(0.4428)
tensor(0.8645),tensor(2.3496e-39),tensor(0.1355)
tensor(0.6919),tensor(5.5625e-39),tensor(0.3081)
tensor(0.6342),tensor(6.1341e-39),tensor(0.3658)
tensor(0.8645),tensor(2.3496e-39),tensor(0.1355)
tensor(0.9123),tensor(1.4384e-39),tensor(0.0877)
tensor(0.3673),tensor(1.1647e-38),tensor(0.6327)
tensor(0.9256),tensor(1.2427e-39),tensor(0.0744)
tensor(0.3673),tensor(1.1647e-38),tensor(0.6327)
tensor(0.2213),tensor(2.2336e-38),tensor(0.7787)
tensor(0.9986),tensor(2.1141e-39),tensor(0.0014)
tensor(0.9998),tensor(7.1324e-40),tensor(0.0002)
tensor(0.9999),tensor(1.1237e-39),tensor(0.0001)
tensor(0.9998),tensor(7.1324e-40),tensor(0.0002)
tensor(0.9981),tensor(3.2242e-40),tensor(0.0019)
tensor(1.),tensor(1.1630e-37),tensor(1.1630e-37)
tensor(0.9895),tensor(8.2029e-40),tensor(0.0105)
tensor(0.0164),tensor(7.4474e-38),tensor(0.9836)
tensor(1.7486e-06),tensor(3.0698e-36),tensor(1.0000)
tensor(0.6305),tensor(5.2624e-35),tensor(0.3695)
tensor(0.5459),tensor(2.7932e-38),tensor(0.4541)
tensor(0.0844),tensor(8.8162e-35),tensor(0.9156)
tensor(0.9703),tensor(1.7084e-38),tensor(0.0297)
tensor(1.),tensor(4.9658e-34),tensor(1.1893e-10)
tensor(1.0000),tensor(2.2136e-40),tensor(1.4620e-06)
tensor(0.9895),tensor(4.3386e-40),tensor(0.0105)
tensor(1.),tensor(4.7983e-38),tensor(6.2410e-32)
tensor(0.9979),tensor(1.1136e-40),tensor(0.0021)
tensor(0.9974),tensor(1.2907e-40),tensor(0.0026)
tensor(0.9999),tensor(1.4205e-40),tensor(7.4197e-05)
tensor(0.5829),tensor(8.5980e-39),tensor(0.4171)
tensor(0.0064),tensor(4.2375e-38),tensor(0.9936)
tensor(0.5914),tensor(9.7180e-37),tensor(0.4086)
tensor(0.8128),tensor(8.3574e-39),tensor(0.1872)
tensor(0.9822),tensor(1.4928e-38),tensor(0.0178)
tensor(0.9231),tensor(5.2910e-39),tensor(0.0769)
tensor(0.2489),tensor(6.5392e-38),tensor(0.7511)
tensor(1.0000),tensor(5.6096e-34),tensor(2.0862e-06)
tensor(0.7251),tensor(4.4301e-39),tensor(0.2749)
tensor(0.5843),tensor(6.9353e-39),tensor(0.4157)
tensor(0.2224),tensor(1.2591e-38),tensor(0.7776)
tensor(0.8642),tensor(2.2263e-39),tensor(0.1358)
tensor(0.9095),tensor(1.5458e-39),tensor(0.0905)
tensor(0.9378),tensor(9.8932e-40),tensor(0.0622)
tensor(0.9844),tensor(2.5926e-40),tensor(0.0156)
tensor(0.9838),tensor(2.9317e-40),tensor(0.0162)
tensor(0.9730),tensor(7.7539e-40),tensor(0.0270)
tensor(0.1560),tensor(2.5816e-38),tensor(0.8440)
tensor(0.9603),tensor(6.5672e-40),tensor(0.0397)
tensor(0.9799),tensor(1.1012e-39),tensor(0.0201)
tensor(0.5512),tensor(2.6461e-38),tensor(0.4488)
tensor(0.3896),tensor(3.3024e-38),tensor(0.6104)
tensor(0.8630),tensor(4.9254e-39),tensor(0.1370)
tensor(0.9799),tensor(1.1012e-39),tensor(0.0201)
tensor(0.9880),tensor(7.0482e-40),tensor(0.0120)
tensor(0.9799),tensor(1.1012e-39),tensor(0.0201)
tensor(0.9952),tensor(4.8685e-39),tensor(0.0048)
tensor(0.8145),tensor(1.4467e-38),tensor(0.1855)
tensor(0.9828),tensor(9.9136e-40),tensor(0.0172)
tensor(0.9701),tensor(1.9859e-39),tensor(0.0299)
tensor(0.9828),tensor(9.9136e-40),tensor(0.0172)
tensor(0.7375),tensor(1.6672e-38),tensor(0.2625)
tensor(0.7318),tensor(8.5585e-39),tensor(0.2682)
tensor(0.8791),tensor(2.7581e-36),tensor(0.1209)
tensor(0.9734),tensor(5.6393e-40),tensor(0.0266)
tensor(0.1721),tensor(9.1604e-38),tensor(0.8279)
tensor(0.7456),tensor(4.8640e-39),tensor(0.2544)
tensor(0.9402),tensor(1.3457e-39),tensor(0.0598)
tensor(0.9789),tensor(1.6446e-39),tensor(0.0211)
tensor(0.9874),tensor(3.1898e-40),tensor(0.0126)
tensor(0.9844),tensor(4.4663e-39),tensor(0.0156)
tensor(0.0406),tensor(1.8825e-38),tensor(0.9594)
tensor(0.9844),tensor(4.4663e-39),tensor(0.0156)
tensor(0.9037),tensor(2.7732e-39),tensor(0.0963)
tensor(0.9785),tensor(5.0528e-40),tensor(0.0215)
tensor(0.9750),tensor(8.0826e-40),tensor(0.0250)
tensor(1.),tensor(1.6952e-33),tensor(2.2103e-12)
tensor(0.7082),tensor(8.1435e-39),tensor(0.2918)
tensor(1.0000),tensor(4.6540e-23),tensor(8.4820e-07)
tensor(0.9938),tensor(2.0352e-39),tensor(0.0062)
tensor(0.5914),tensor(9.7180e-37),tensor(0.4086)
tensor(0.9794),tensor(3.3284e-40),tensor(0.0206)
tensor(0.9429),tensor(9.4316e-40),tensor(0.0571)
tensor(0.9809),tensor(3.3834e-40),tensor(0.0191)
tensor(1.),tensor(7.9538e-28),tensor(7.9538e-28)
tensor(0.7654),tensor(4.4789e-39),tensor(0.2346)
tensor(0.0451),tensor(8.7822e-38),tensor(0.9549)
tensor(0.8159),tensor(8.0363e-38),tensor(0.1841)
tensor(0.4853),tensor(1.1528e-38),tensor(0.5147)
tensor(0.5640),tensor(2.0814e-32),tensor(0.4360)
tensor(0.0077),tensor(1.6038e-38),tensor(0.9923)
tensor(0.0030),tensor(1.6187e-38),tensor(0.9970)
tensor(0.0077),tensor(1.6038e-38),tensor(0.9923)
tensor(1.4175e-06),tensor(8.2073e-38),tensor(1.0000)
tensor(8.5639e-07),tensor(1.0719e-32),tensor(1.0000)
tensor(0.8585),tensor(2.3856e-39),tensor(0.1415)
tensor(0.0069),tensor(2.2506e-38),tensor(0.9931)
tensor(0.4579),tensor(8.5660e-39),tensor(0.5421)
tensor(1.0184e-05),tensor(5.2192e-38),tensor(1.0000)
tensor(0.0019),tensor(1.9080e-38),tensor(0.9981)
tensor(8.5639e-07),tensor(1.0719e-32),tensor(1.0000)
tensor(0.0033),tensor(1.8958e-37),tensor(0.9967)
tensor(0.9966),tensor(4.4345e-40),tensor(0.0034)
tensor(0.8918),tensor(1.0356e-37),tensor(0.1082)
tensor(3.4471e-09),tensor(2.8912e-38),tensor(1.)
tensor(0.9087),tensor(7.4177e-39),tensor(0.0913)
tensor(0.9808),tensor(2.8299e-38),tensor(0.0192)
tensor(0.1604),tensor(7.0889e-38),tensor(0.8396)
tensor(0.9931),tensor(8.7169e-35),tensor(0.0069)
tensor(0.5679),tensor(7.0405e-39),tensor(0.4321)
tensor(0.8807),tensor(1.9653e-39),tensor(0.1193)
tensor(0.7359),tensor(4.7863e-39),tensor(0.2641)
tensor(0.8919),tensor(2.2790e-39),tensor(0.1081)
tensor(0.2367),tensor(1.3025e-38),tensor(0.7633)
tensor(0.9216),tensor(1.7630e-39),tensor(0.0784)
tensor(0.9307),tensor(1.5830e-39),tensor(0.0693)
tensor(0.1859),tensor(1.8221e-38),tensor(0.8141)
tensor(0.3466),tensor(1.5717e-38),tensor(0.6534)
tensor(0.0001),tensor(2.8301e-38),tensor(0.9999)
tensor(0.8729),tensor(2.7424e-39),tensor(0.1271)
tensor(0.6951),tensor(6.0831e-39),tensor(0.3049)
tensor(0.9596),tensor(8.2863e-40),tensor(0.0404)
tensor(0.9216),tensor(1.7630e-39),tensor(0.0784)
tensor(0.4479),tensor(1.0769e-38),tensor(0.5521)
tensor(0.9596),tensor(8.2863e-40),tensor(0.0404)
tensor(0.0046),tensor(4.4362e-37),tensor(0.9954)
tensor(1.),tensor(2.8853e-38),tensor(2.8244e-09)
tensor(0.9990),tensor(9.7769e-41),tensor(0.0010)
tensor(0.9998),tensor(1.5735e-40),tensor(0.0002)
tensor(0.9920),tensor(1.9438e-40),tensor(0.0080)
tensor(0.7447),tensor(1.0176e-37),tensor(0.2553)
tensor(0.4625),tensor(5.7671e-37),tensor(0.5375)
tensor(1.0000),tensor(1.1135e-37),tensor(2.1625e-05)
tensor(0.7901),tensor(5.9815e-37),tensor(0.2099)
tensor(0.9998),tensor(1.9253e-38),tensor(0.0002)
tensor(0.8860),tensor(4.1160e-38),tensor(0.1140)
tensor(0.9942),tensor(4.9372e-34),tensor(0.0058)
tensor(3.2871e-06),tensor(1.7898e-38),tensor(1.0000)
tensor(0.0007),tensor(3.1278e-38),tensor(0.9993)
tensor(0.6699),tensor(9.3902e-39),tensor(0.3301)
tensor(8.0052e-07),tensor(1.7917e-38),tensor(1.0000)
tensor(0.8767),tensor(3.8876e-39),tensor(0.1233)
tensor(0.0394),tensor(2.4442e-38),tensor(0.9606)
tensor(0.9999),tensor(8.7764e-35),tensor(0.0001)
tensor(0.0360),tensor(2.4846e-38),tensor(0.9640)
tensor(0.2805),tensor(1.3159e-38),tensor(0.7195)
tensor(0.0036),tensor(1.6939e-38),tensor(0.9964)
tensor(0.8990),tensor(1.6987e-39),tensor(0.1010)
tensor(0.0002),tensor(3.1004e-37),tensor(0.9998)
tensor(0.7641),tensor(6.2050e-39),tensor(0.2359)
tensor(0.6836),tensor(8.4741e-39),tensor(0.3164)
tensor(0.9681),tensor(1.7059e-38),tensor(0.0319)
tensor(0.6120),tensor(2.5915e-38),tensor(0.3880)
tensor(1.),tensor(8.0586e-31),tensor(4.8865e-32)
tensor(1.),tensor(1.5173e-39),tensor(1.5629e-38)
tensor(1.),tensor(1.1127e-36),tensor(4.8226e-35)
tensor(1.),tensor(6.2353e-37),tensor(6.2353e-37)
tensor(0.0044),tensor(2.9452e-33),tensor(0.9956)
tensor(0.0607),tensor(1.9720e-38),tensor(0.9393)
tensor(0.8544),tensor(8.7010e-38),tensor(0.1456)
tensor(0.7338),tensor(5.7786e-39),tensor(0.2662)
tensor(0.9568),tensor(5.0836e-34),tensor(0.0432)
tensor(0.0745),tensor(2.5197e-38),tensor(0.9255)
tensor(0.8614),tensor(1.1933e-37),tensor(0.1386)
tensor(0.8069),tensor(4.6598e-39),tensor(0.1931)
tensor(0.9858),tensor(4.1112e-33),tensor(0.0142)
tensor(0.1221),tensor(5.3955e-38),tensor(0.8779)
tensor(0.0317),tensor(4.1617e-38),tensor(0.9683)
tensor(0.4541),tensor(3.5934e-38),tensor(0.5459)
tensor(1.),tensor(8.7774e-35),tensor(7.2810e-20)
tensor(0.2453),tensor(1.6263e-38),tensor(0.7547)
tensor(0.1547),tensor(5.8009e-38),tensor(0.8453)
tensor(0.0629),tensor(1.6940e-38),tensor(0.9371)
tensor(1.),tensor(3.6190e-31),tensor(2.8479e-25)
tensor(1.),tensor(4.2476e-36),tensor(1.8057e-29)
tensor(1.),tensor(9.4343e-39),tensor(3.1743e-30)
tensor(1.),tensor(4.2476e-36),tensor(1.8057e-29)
tensor(1.),tensor(4.6764e-37),tensor(3.6558e-30)
tensor(1.),tensor(3.2978e-37),tensor(1.3449e-29)
tensor(1.),tensor(8.0869e-39),tensor(7.1543e-30)
tensor(1.),tensor(4.2476e-36),tensor(1.8057e-29)
tensor(1.),tensor(4.6764e-37),tensor(3.6558e-30)
tensor(1.),tensor(3.2978e-37),tensor(1.3449e-29)
tensor(1.),tensor(3.5653e-36),tensor(5.9999e-27)
tensor(1.),tensor(1.4854e-39),tensor(9.0557e-34)
tensor(1.),tensor(8.0869e-39),tensor(7.1543e-30)
tensor(1.),tensor(4.2476e-36),tensor(1.8057e-29)
tensor(1.),tensor(5.7502e-35),tensor(3.2259e-25)
tensor(1.),tensor(4.4495e-40),tensor(4.4495e-40)
tensor(1.),tensor(5.7502e-35),tensor(3.2259e-25)
tensor(1.),tensor(5.8496e-39),tensor(3.4488e-31)
tensor(1.),tensor(1.0280e-37),tensor(1.6419e-28)
tensor(1.),tensor(7.0052e-39),tensor(9.6550e-31)
tensor(1.),tensor(5.7901e-32),tensor(5.7901e-32)
tensor(3.7169e-09),tensor(3.1175e-38),tensor(1.)
tensor(0.7527),tensor(5.6782e-39),tensor(0.2473)
tensor(0.9349),tensor(1.0322e-37),tensor(0.0651)
tensor(0.9143),tensor(5.1663e-39),tensor(0.0857)
tensor(0.9263),tensor(1.8922e-39),tensor(0.0737)
tensor(1.),tensor(1.7921e-38),tensor(1.7921e-38)
tensor(1.),tensor(1.9467e-36),tensor(1.9467e-36)
tensor(1.),tensor(6.7799e-38),tensor(6.7799e-38)
tensor(1.),tensor(8.9509e-37),tensor(3.9506e-38)
tensor(1.),tensor(7.3068e-38),tensor(7.3068e-38)
tensor(1.),tensor(2.8491e-38),tensor(2.8491e-38)
tensor(1.),tensor(6.5416e-36),tensor(6.5416e-36)
tensor(1.),tensor(1.5668e-37),tensor(1.5668e-37)
tensor(1.),tensor(7.9234e-39),tensor(7.9234e-39)
tensor(1.),tensor(2.3756e-38),tensor(2.3756e-38)
tensor(1.),tensor(7.3068e-38),tensor(7.3068e-38)
tensor(1.),tensor(6.3373e-38),tensor(6.3373e-38)
tensor(1.),tensor(7.9234e-39),tensor(7.9234e-39)
tensor(1.),tensor(1.2070e-35),tensor(3.7774e-37)
tensor(1.),tensor(2.3987e-38),tensor(2.3987e-38)
tensor(1.),tensor(1.5668e-37),tensor(1.5668e-37)
tensor(1.),tensor(4.3025e-33),tensor(4.3025e-33)
tensor(1.),tensor(1.0235e-33),tensor(1.0235e-33)
tensor(1.),tensor(9.8499e-38),tensor(9.8499e-38)
tensor(1.),tensor(2.3756e-38),tensor(2.3756e-38)
tensor(1.),tensor(2.2042e-36),tensor(2.4292e-37)
tensor(1.),tensor(1.6621e-38),tensor(1.6621e-38)
tensor(1.),tensor(7.4858e-39),tensor(7.4858e-39)
tensor(0.5417),tensor(1.9989e-32),tensor(0.4583)
tensor(0.7967),tensor(1.4032e-38),tensor(0.2033)
tensor(0.8300),tensor(5.3865e-39),tensor(0.1700)
tensor(0.9930),tensor(5.0595e-39),tensor(0.0070)
tensor(0.9376),tensor(3.8435e-35),tensor(0.0624)
tensor(0.0557),tensor(2.5861e-38),tensor(0.9443)
tensor(0.9952),tensor(4.8685e-39),tensor(0.0048)
tensor(0.8791),tensor(2.7581e-36),tensor(0.1209)
tensor(0.9157),tensor(1.9387e-39),tensor(0.0843)
tensor(0.9419),tensor(4.6079e-39),tensor(0.0581)
tensor(3.9494e-07),tensor(6.7514e-37),tensor(1.0000)
tensor(0.9419),tensor(4.6079e-39),tensor(0.0581)
tensor(3.9494e-07),tensor(6.7514e-37),tensor(1.0000)
tensor(0.8706),tensor(2.8472e-39),tensor(0.1294)
tensor(0.6321),tensor(1.1228e-38),tensor(0.3679)
tensor(0.9614),tensor(9.0203e-40),tensor(0.0386)
tensor(0.9202),tensor(1.6982e-39),tensor(0.0798)
tensor(0.8706),tensor(2.8472e-39),tensor(0.1294)
tensor(0.8094),tensor(4.2486e-39),tensor(0.1906)
tensor(0.9386),tensor(1.6705e-39),tensor(0.0614)
tensor(0.9350),tensor(1.9141e-39),tensor(0.0650)
tensor(0.6953),tensor(8.1588e-39),tensor(0.3047)
tensor(0.9892),tensor(3.3803e-40),tensor(0.0108)
tensor(0.9258),tensor(1.6566e-39),tensor(0.0742)
tensor(0.9202),tensor(1.6982e-39),tensor(0.0798)
tensor(0.9844),tensor(4.4663e-39),tensor(0.0156)
tensor(0.7302),tensor(6.1005e-39),tensor(0.2698)
tensor(0.9987),tensor(3.1332e-36),tensor(0.0013)
tensor(8.6905e-08),tensor(3.9515e-38),tensor(1.0000)
tensor(1.),tensor(5.0592e-25),tensor(9.2196e-25)
tensor(1.),tensor(6.5235e-39),tensor(1.3773e-30)
tensor(1.),tensor(1.1163e-38),tensor(8.9194e-28)
tensor(1.),tensor(6.5235e-39),tensor(1.3773e-30)
tensor(1.),tensor(9.2940e-36),tensor(9.2940e-36)
tensor(1.),tensor(1.2426e-40),tensor(2.8878e-39)
tensor(1.),tensor(2.4995e-40),tensor(2.4995e-40)
tensor(1.),tensor(1.4448e-38),tensor(1.4448e-38)
tensor(1.),tensor(1.4138e-39),tensor(1.4138e-39)
tensor(1.),tensor(1.4138e-39),tensor(1.4138e-39)
tensor(1.),tensor(9.2940e-36),tensor(9.2940e-36)
tensor(1.),tensor(5.6150e-37),tensor(5.6150e-37)
tensor(1.),tensor(2.3533e-38),tensor(2.3533e-38)
tensor(1.),tensor(5.6150e-37),tensor(5.6150e-37)
tensor(1.),tensor(1.7648e-24),tensor(1.7648e-24)
tensor(1.),tensor(3.2565e-39),tensor(3.2565e-39)
tensor(1.),tensor(3.3389e-35),tensor(3.3389e-35)
tensor(1.),tensor(1.8959e-36),tensor(1.8959e-36)
tensor(0.6542),tensor(7.6230e-38),tensor(0.3458)
tensor(0.1055),tensor(1.4647e-38),tensor(0.8945)
tensor(5.8268e-18),tensor(2.1566e-38),tensor(1.)
tensor(0.3349),tensor(1.1625e-38),tensor(0.6651)
tensor(0.2430),tensor(1.2744e-38),tensor(0.7570)
tensor(0.2621),tensor(1.4099e-38),tensor(0.7379)
tensor(0.2213),tensor(5.5783e-36),tensor(0.7787)
tensor(0.9915),tensor(7.0597e-39),tensor(0.0085)
tensor(1.),tensor(2.0098e-39),tensor(1.5482e-08)
tensor(0.5980),tensor(2.7633e-37),tensor(0.4020)
tensor(0.9905),tensor(1.0568e-38),tensor(0.0095)
tensor(0.9185),tensor(1.5888e-38),tensor(0.0815)
tensor(1.),tensor(5.3234e-37),tensor(4.2089e-08)
tensor(1.),tensor(9.2940e-36),tensor(9.2940e-36)
tensor(1.),tensor(9.0142e-37),tensor(1.7140e-33)
tensor(1.),tensor(5.2444e-38),tensor(1.2681e-33)
tensor(1.),tensor(1.6067e-18),tensor(1.6067e-18)
tensor(1.2062e-07),tensor(7.6608e-38),tensor(1.0000)
tensor(2.0327e-07),tensor(1.3110e-33),tensor(1.0000)
tensor(1.),tensor(1.6687e-30),tensor(1.6687e-30)
tensor(1.),tensor(9.4029e-38),tensor(9.4029e-38)
tensor(1.),tensor(5.6957e-39),tensor(5.6957e-39)
tensor(1.),tensor(5.8815e-39),tensor(5.8815e-39)
tensor(1.),tensor(2.2747e-39),tensor(2.2747e-39)
tensor(1.),tensor(1.3534e-39),tensor(1.3534e-39)
tensor(1.),tensor(7.1600e-40),tensor(4.9289e-38)
tensor(1.),tensor(1.0762e-36),tensor(1.0762e-36)
tensor(1.),tensor(1.2727e-38),tensor(1.2727e-38)
tensor(1.),tensor(1.0762e-36),tensor(1.0762e-36)
tensor(7.6865e-06),tensor(7.8457e-37),tensor(1.0000)
tensor(0.9927),tensor(1.2335e-40),tensor(0.0073)
tensor(0.9681),tensor(5.2357e-40),tensor(0.0319)
tensor(0.9544),tensor(7.3646e-40),tensor(0.0456)
tensor(0.9849),tensor(2.4617e-40),tensor(0.0151)
tensor(0.6108),tensor(8.8252e-39),tensor(0.3892)
tensor(0.9681),tensor(5.2357e-40),tensor(0.0319)
tensor(0.9924),tensor(1.6624e-40),tensor(0.0076)
tensor(1.),tensor(3.4495e-40),tensor(2.2750e-32)
tensor(1.),tensor(8.8324e-29),tensor(8.8324e-29)
tensor(1.),tensor(1.6378e-39),tensor(1.6378e-39)
tensor(1.),tensor(1.6083e-39),tensor(1.6083e-39)
tensor(1.),tensor(1.5927e-37),tensor(1.5927e-37)
tensor(1.),tensor(4.6838e-39),tensor(4.6838e-39)
tensor(1.),tensor(3.4565e-39),tensor(3.4565e-39)
tensor(0.9658),tensor(6.2724e-40),tensor(0.0342)
tensor(0.8523),tensor(2.3940e-39),tensor(0.1477)
tensor(0.9716),tensor(4.5296e-40),tensor(0.0284)
tensor(0.6628),tensor(6.0094e-39),tensor(0.3372)
tensor(0.9843),tensor(9.0832e-40),tensor(0.0157)
tensor(0.9717),tensor(4.5490e-40),tensor(0.0283)
tensor(1.),tensor(3.4495e-40),tensor(2.2750e-32)
tensor(1.),tensor(3.2159e-39),tensor(3.2159e-39)
tensor(1.),tensor(8.5627e-37),tensor(3.0452e-37)
tensor(1.),tensor(7.8750e-39),tensor(7.8750e-39)
tensor(1.),tensor(4.6121e-39),tensor(1.3971e-37)
tensor(1.),tensor(3.4755e-39),tensor(1.7159e-36)
tensor(1.),tensor(3.5249e-39),tensor(2.3877e-38)
tensor(0.3107),tensor(1.9608e-38),tensor(0.6893)
tensor(0.0001),tensor(2.6388e-38),tensor(0.9999)
tensor(0.9732),tensor(1.0745e-37),tensor(0.0268)
tensor(0.7967),tensor(1.4032e-38),tensor(0.2033)
tensor(0.0611),tensor(7.0914e-36),tensor(0.9389)
tensor(2.4372e-14),tensor(7.7565e-27),tensor(1.)
tensor(0.4104),tensor(1.3240e-38),tensor(0.5896)
tensor(0.9999),tensor(8.7764e-35),tensor(0.0001)
tensor(0.9867),tensor(2.2684e-40),tensor(0.0133)
tensor(0.9883),tensor(1.9545e-40),tensor(0.0117)
tensor(0.9852),tensor(2.5071e-40),tensor(0.0148)
tensor(0.7937),tensor(5.6516e-39),tensor(0.2063)
tensor(0.9777),tensor(9.0869e-36),tensor(0.0223)
tensor(0.8340),tensor(7.7518e-39),tensor(0.1660)
tensor(0.9197),tensor(2.6110e-39),tensor(0.0803)
tensor(0.2320),tensor(2.6930e-38),tensor(0.7680)
tensor(6.8018e-06),tensor(4.3524e-37),tensor(1.0000)
tensor(0.9967),tensor(1.2064e-38),tensor(0.0033)
tensor(0.4551),tensor(8.0016e-34),tensor(0.5449)
tensor(0.9256),tensor(1.2427e-39),tensor(0.0744)
tensor(0.8482),tensor(2.6747e-39),tensor(0.1518)
tensor(0.5572),tensor(7.4872e-39),tensor(0.4428)
tensor(0.0112),tensor(1.9529e-38),tensor(0.9888)
tensor(0.3449),tensor(1.1218e-38),tensor(0.6551)
tensor(0.9418),tensor(1.0775e-39),tensor(0.0582)
tensor(0.6386),tensor(6.3127e-39),tensor(0.3614)
tensor(0.9693),tensor(5.0795e-40),tensor(0.0307)
tensor(0.4881),tensor(9.2241e-39),tensor(0.5119)
tensor(0.8226),tensor(3.9987e-39),tensor(0.1774)
tensor(0.9882),tensor(2.1236e-40),tensor(0.0118)
tensor(3.0733e-05),tensor(3.3308e-38),tensor(1.0000)
tensor(0.3000),tensor(1.3973e-38),tensor(0.7000)
tensor(1.),tensor(2.9478e-38),tensor(8.1877e-39)
tensor(1.),tensor(2.2815e-39),tensor(2.2815e-39)
tensor(1.),tensor(2.9036e-39),tensor(5.9906e-38)
tensor(0.9577),tensor(5.0884e-34),tensor(0.0423)
tensor(0.9776),tensor(2.4086e-38),tensor(0.0224)
tensor(1.),tensor(2.0695e-34),tensor(2.0695e-34)
tensor(1.),tensor(1.2063e-39),tensor(1.2063e-39)
tensor(1.),tensor(8.5925e-39),tensor(8.5925e-39)
tensor(1.),tensor(8.7271e-39),tensor(4.1562e-38)
tensor(1.),tensor(9.9305e-39),tensor(9.9305e-39)
tensor(1.),tensor(2.2830e-35),tensor(2.2830e-35)
tensor(1.),tensor(4.7571e-38),tensor(4.7571e-38)
tensor(1.),tensor(2.0173e-39),tensor(2.0173e-39)
tensor(1.),tensor(6.7355e-39),tensor(2.8101e-38)
tensor(1.),tensor(8.7271e-39),tensor(4.1562e-38)
tensor(1.),tensor(2.6627e-34),tensor(1.4034e-35)
tensor(1.),tensor(1.0063e-39),tensor(2.8678e-36)
tensor(1.),tensor(2.3395e-37),tensor(2.3395e-37)
tensor(1.),tensor(1.5813e-37),tensor(1.5813e-37)
tensor(1.),tensor(1.7700e-33),tensor(1.7700e-33)
tensor(1.),tensor(5.8426e-40),tensor(5.8426e-40)
tensor(1.),tensor(3.6151e-37),tensor(3.6151e-37)
tensor(1.),tensor(1.5813e-37),tensor(1.5813e-37)
tensor(1.),tensor(2.4930e-37),tensor(2.4930e-37)
tensor(1.),tensor(2.9086e-31),tensor(2.9086e-31)
tensor(1.),tensor(2.6336e-40),tensor(7.9952e-35)
tensor(1.),tensor(1.3194e-38),tensor(2.5649e-36)
tensor(1.),tensor(2.6336e-40),tensor(7.9952e-35)
tensor(1.),tensor(2.6496e-39),tensor(9.0959e-31)
tensor(1.),tensor(6.8385e-40),tensor(4.7962e-32)
tensor(1.),tensor(9.2947e-39),tensor(9.2947e-39)
tensor(0.2418),tensor(1.3307e-38),tensor(0.7582)
tensor(0.8595),tensor(2.1693e-39),tensor(0.1405)
tensor(0.6856),tensor(6.2834e-39),tensor(0.3144)
tensor(0.8737),tensor(1.9152e-39),tensor(0.1263)
tensor(0.6856),tensor(6.2834e-39),tensor(0.3144)
tensor(0.9172),tensor(2.3597e-39),tensor(0.0828)
tensor(1.),tensor(2.7734e-38),tensor(2.9241e-16)
tensor(1.),tensor(5.0186e-38),tensor(1.3018e-19)
tensor(1.),tensor(4.5388e-38),tensor(4.7604e-09)
tensor(0.9987),tensor(1.2759e-38),tensor(0.0012)
tensor(1.),tensor(1.5934e-38),tensor(2.9803e-08)
tensor(1.),tensor(3.7457e-38),tensor(4.1142e-15)
tensor(1.),tensor(3.8894e-38),tensor(2.5775e-09)
