tensor(1.),tensor(4.0233e-15),tensor(2.2559e-39)
tensor(1.0000),tensor(3.5996e-07),tensor(9.5431e-06)
tensor(1.6826e-08),tensor(1.5719e-12),tensor(1.)
tensor(4.1437e-05),tensor(6.7981e-19),tensor(1.0000)
tensor(0.0144),tensor(5.1003e-16),tensor(0.9856)
tensor(0.1933),tensor(6.4621e-13),tensor(0.8067)
tensor(0.0072),tensor(3.3443e-16),tensor(0.9928)
tensor(0.0016),tensor(2.1094e-12),tensor(0.9984)
tensor(0.0575),tensor(6.8244e-17),tensor(0.9425)
tensor(1.1380e-06),tensor(1.4010e-06),tensor(1.0000)
tensor(2.8526e-16),tensor(1.5358e-13),tensor(1.)
tensor(2.2905e-16),tensor(0.0128),tensor(0.9872)
tensor(1.4015e-26),tensor(0.0001),tensor(0.9999)
tensor(2.2192e-05),tensor(5.3090e-15),tensor(1.0000)
tensor(2.1913e-08),tensor(8.4357e-13),tensor(1.)
tensor(1.9524e-12),tensor(1.3034e-07),tensor(1.0000)
tensor(0.6356),tensor(1.8890e-07),tensor(0.3644)
tensor(2.0659e-07),tensor(2.0026e-15),tensor(1.0000)
tensor(0.0032),tensor(4.6581e-09),tensor(0.9968)
tensor(1.9890e-07),tensor(8.6448e-11),tensor(1.0000)
tensor(0.0034),tensor(6.9280e-12),tensor(0.9966)
tensor(1.8660e-09),tensor(1.6521e-16),tensor(1.)
tensor(1.0673e-10),tensor(1.1754e-12),tensor(1.)
tensor(0.1409),tensor(1.0301e-14),tensor(0.8591)
tensor(0.9267),tensor(2.7335e-13),tensor(0.0733)
tensor(0.9666),tensor(2.2114e-13),tensor(0.0334)
tensor(0.9988),tensor(2.7047e-20),tensor(0.0012)
tensor(0.9855),tensor(3.1838e-26),tensor(0.0145)
tensor(0.8312),tensor(1.3052e-32),tensor(0.1688)
tensor(0.2121),tensor(4.1279e-11),tensor(0.7879)
tensor(0.0926),tensor(5.3228e-09),tensor(0.9074)
tensor(0.4354),tensor(1.3164e-22),tensor(0.5646)
tensor(5.3826e-06),tensor(4.1710e-13),tensor(1.0000)
tensor(0.3469),tensor(9.2669e-18),tensor(0.6531)
tensor(0.0101),tensor(1.5727e-15),tensor(0.9899)
tensor(0.9557),tensor(2.2083e-13),tensor(0.0443)
tensor(0.5502),tensor(1.1132e-20),tensor(0.4498)
tensor(0.9988),tensor(3.0702e-14),tensor(0.0012)
tensor(0.9996),tensor(1.5116e-10),tensor(0.0004)
tensor(0.9998),tensor(7.3976e-07),tensor(0.0002)
tensor(0.9996),tensor(1.7939e-13),tensor(0.0004)
tensor(0.9997),tensor(3.3623e-10),tensor(0.0003)
tensor(0.9999),tensor(5.7464e-05),tensor(6.1100e-05)
tensor(4.5896e-19),tensor(0.0004),tensor(0.9996)
tensor(0.0020),tensor(1.7628e-06),tensor(0.9980)
tensor(0.0039),tensor(8.3001e-10),tensor(0.9961)
tensor(0.9611),tensor(3.6513e-15),tensor(0.0389)
tensor(0.9969),tensor(6.5585e-08),tensor(0.0031)
tensor(0.9995),tensor(9.2820e-09),tensor(0.0005)
tensor(0.9993),tensor(4.6891e-19),tensor(0.0007)
tensor(1.0000),tensor(3.5996e-07),tensor(1.0319e-05)
tensor(5.2933e-06),tensor(4.1018e-13),tensor(1.0000)
tensor(4.4875e-09),tensor(1.5635e-11),tensor(1.)
tensor(1.0669e-05),tensor(9.9034e-10),tensor(1.0000)
tensor(8.4106e-05),tensor(1.0104e-11),tensor(0.9999)
tensor(0.0079),tensor(0.0308),tensor(0.9613)
tensor(0.9941),tensor(8.0894e-18),tensor(0.0059)
tensor(0.8886),tensor(3.5076e-22),tensor(0.1114)
tensor(0.0239),tensor(1.4876e-29),tensor(0.9761)
tensor(7.4813e-12),tensor(1.2417e-25),tensor(1.)
tensor(0.7278),tensor(1.7966e-10),tensor(0.2722)
tensor(0.9976),tensor(1.4881e-13),tensor(0.0024)
tensor(0.9994),tensor(6.3478e-07),tensor(0.0006)
tensor(0.0009),tensor(3.1422e-20),tensor(0.9991)
tensor(0.9401),tensor(2.0858e-21),tensor(0.0599)
tensor(0.4317),tensor(1.3051e-22),tensor(0.5683)
tensor(1.6754e-07),tensor(1.0763e-21),tensor(1.0000)
tensor(0.0760),tensor(4.3681e-09),tensor(0.9240)
tensor(0.4540),tensor(1.3726e-22),tensor(0.5460)
tensor(2.0520e-08),tensor(3.0466e-15),tensor(1.)
tensor(2.5261e-17),tensor(0.0042),tensor(0.9958)
tensor(5.0615e-20),tensor(6.7917e-06),tensor(1.0000)
tensor(1.3827e-20),tensor(0.0019),tensor(0.9981)
tensor(5.0615e-20),tensor(6.7917e-06),tensor(1.0000)
tensor(1.2083e-23),tensor(0.0002),tensor(0.9998)
tensor(0.9925),tensor(4.0062e-10),tensor(0.0075)
tensor(0.9969),tensor(8.1935e-11),tensor(0.0031)
tensor(0.8725),tensor(3.1024e-06),tensor(0.1275)
tensor(0.9978),tensor(5.9528e-13),tensor(0.0022)
tensor(1.6094e-16),tensor(0.0090),tensor(0.9910)
tensor(1.0707e-25),tensor(0.0008),tensor(0.9992)
tensor(1.),tensor(3.2138e-34),tensor(6.6356e-09)
tensor(0.0001),tensor(1.2283e-14),tensor(0.9999)
tensor(3.2400e-05),tensor(1.0161e-10),tensor(1.0000)
tensor(7.8130e-13),tensor(9.0458e-05),tensor(0.9999)
tensor(0.9835),tensor(1.8967e-06),tensor(0.0165)
tensor(5.3558e-05),tensor(0.0027),tensor(0.9973)
tensor(8.1503e-05),tensor(1.9243e-11),tensor(0.9999)
tensor(8.1503e-05),tensor(1.9243e-11),tensor(0.9999)
tensor(2.1023e-14),tensor(5.8085e-15),tensor(1.)
tensor(1.),tensor(1.1426e-19),tensor(1.2665e-14)
tensor(2.1023e-14),tensor(5.8085e-15),tensor(1.)
tensor(3.1480e-15),tensor(6.0014e-13),tensor(1.)
tensor(1.0000),tensor(2.8927e-19),tensor(2.7312e-05)
tensor(0.0684),tensor(2.0476e-20),tensor(0.9316)
tensor(0.9995),tensor(9.0977e-18),tensor(0.0005)
tensor(0.0684),tensor(2.0476e-20),tensor(0.9316)
tensor(0.0003),tensor(1.7454e-15),tensor(0.9997)
tensor(1.9081e-13),tensor(1.2628e-23),tensor(1.)
tensor(2.4304e-27),tensor(8.8132e-32),tensor(1.)
tensor(6.6833e-06),tensor(1.3775e-14),tensor(1.0000)
tensor(1.5324e-08),tensor(5.3743e-31),tensor(1.)
tensor(0.0008),tensor(1.1744e-12),tensor(0.9992)
tensor(1.8758e-14),tensor(1.8902e-28),tensor(1.)
tensor(0.3829),tensor(4.6365e-14),tensor(0.6171)
tensor(0.9993),tensor(4.1690e-15),tensor(0.0007)
tensor(0.3873),tensor(2.4066e-11),tensor(0.6127)
tensor(0.9482),tensor(1.3766e-16),tensor(0.0518)
tensor(9.5314e-14),tensor(1.5285e-22),tensor(1.)
tensor(0.9925),tensor(8.5820e-15),tensor(0.0075)
tensor(0.3918),tensor(4.5386e-14),tensor(0.6082)
tensor(7.0646e-08),tensor(3.9693e-13),tensor(1.0000)
tensor(0.9855),tensor(4.1389e-13),tensor(0.0145)
tensor(7.0646e-08),tensor(3.9693e-13),tensor(1.0000)
tensor(2.5666e-12),tensor(6.9956e-24),tensor(1.)
tensor(3.7209e-17),tensor(9.5336e-20),tensor(1.)
tensor(4.7222e-11),tensor(2.9267e-05),tensor(1.0000)
tensor(3.8991e-06),tensor(1.6995e-07),tensor(1.0000)
tensor(0.0002),tensor(0.4189),tensor(0.5809)
tensor(0.9982),tensor(5.0977e-16),tensor(0.0018)
tensor(0.9769),tensor(1.0095e-18),tensor(0.0231)
tensor(0.9972),tensor(3.8737e-17),tensor(0.0028)
tensor(0.6085),tensor(6.2476e-20),tensor(0.3915)
tensor(0.8263),tensor(1.2975e-32),tensor(0.1737)
tensor(0.9989),tensor(2.4490e-11),tensor(0.0011)
tensor(0.0194),tensor(3.3676e-11),tensor(0.9806)
tensor(0.9982),tensor(1.0622e-07),tensor(0.0018)
tensor(4.9594e-07),tensor(1.1400e-06),tensor(1.0000)
tensor(1.1783e-11),tensor(6.6603e-13),tensor(1.)
tensor(0.9951),tensor(3.3221e-23),tensor(0.0049)
tensor(9.5837e-12),tensor(1.5907e-25),tensor(1.)
tensor(2.3743e-05),tensor(1.0319e-08),tensor(1.0000)
tensor(0.0068),tensor(1.3805e-11),tensor(0.9932)
tensor(0.0014),tensor(1.7479e-07),tensor(0.9986)
tensor(1.0049e-10),tensor(1.7059e-14),tensor(1.)
tensor(3.2055e-18),tensor(1.1622e-18),tensor(1.)
tensor(2.7448e-08),tensor(2.9635e-25),tensor(1.)
tensor(3.4898e-12),tensor(1.3254e-18),tensor(1.)
tensor(5.7682e-16),tensor(1.2130e-21),tensor(1.)
tensor(0.9969),tensor(7.3961e-10),tensor(0.0031)
tensor(0.0501),tensor(1.1917e-08),tensor(0.9499)
tensor(0.8495),tensor(0.1232),tensor(0.0273)
tensor(0.9999),tensor(5.3843e-29),tensor(0.0001)
tensor(1.0000),tensor(7.3669e-16),tensor(2.1334e-05)
tensor(0.9971),tensor(2.1199e-25),tensor(0.0029)
tensor(0.9993),tensor(1.6498e-26),tensor(0.0007)
tensor(0.0006),tensor(4.4124e-29),tensor(0.9994)
tensor(2.3513e-13),tensor(0.0087),tensor(0.9913)
tensor(0.0134),tensor(8.2193e-14),tensor(0.9866)
tensor(9.4567e-30),tensor(6.8463e-06),tensor(1.0000)
tensor(1.5349e-15),tensor(3.3985e-07),tensor(1.0000)
tensor(1.2271e-25),tensor(0.0009),tensor(0.9991)
tensor(4.8071e-06),tensor(2.7895e-15),tensor(1.0000)
tensor(4.8664e-20),tensor(1.4641e-12),tensor(1.)
tensor(0.2145),tensor(3.3703e-11),tensor(0.7855)
tensor(5.5276e-12),tensor(3.1244e-13),tensor(1.)
tensor(0.0007),tensor(9.6154e-13),tensor(0.9993)
tensor(0.9927),tensor(3.4408e-16),tensor(0.0073)
tensor(0.9986),tensor(1.1024e-09),tensor(0.0014)
tensor(0.9311),tensor(1.3518e-16),tensor(0.0689)
tensor(0.0001),tensor(1.4130e-11),tensor(0.9999)
tensor(0.0381),tensor(1.3201e-08),tensor(0.9619)
tensor(0.9407),tensor(2.1737e-13),tensor(0.0593)
tensor(0.1935),tensor(3.9151e-21),tensor(0.8065)
tensor(0.9976),tensor(7.0740e-11),tensor(0.0024)
tensor(0.9998),tensor(3.4636e-13),tensor(0.0002)
tensor(0.9500),tensor(3.0657e-10),tensor(0.0500)
tensor(0.9990),tensor(2.0494e-12),tensor(0.0010)
tensor(0.9999),tensor(5.7464e-05),tensor(6.0812e-05)
tensor(5.6508e-05),tensor(1.6628e-08),tensor(0.9999)
tensor(0.9896),tensor(2.9413e-07),tensor(0.0104)
tensor(4.1837e-12),tensor(2.7929e-07),tensor(1.0000)
tensor(0.1038),tensor(1.4888e-07),tensor(0.8962)
tensor(3.3118e-06),tensor(1.4394e-09),tensor(1.0000)
tensor(0.0003),tensor(6.4242e-07),tensor(0.9997)
tensor(0.5178),tensor(1.0122e-07),tensor(0.4822)
tensor(0.9901),tensor(5.3550e-18),tensor(0.0099)
tensor(7.4033e-06),tensor(8.9646e-10),tensor(1.0000)
tensor(1.5942e-08),tensor(1.4115e-15),tensor(1.)
tensor(1.),tensor(1.6037e-09),tensor(1.3454e-22)
tensor(1.7050e-17),tensor(4.3684e-20),tensor(1.)
tensor(0.9999),tensor(1.8262e-24),tensor(8.0180e-05)
tensor(0.9990),tensor(5.8944e-17),tensor(0.0010)
tensor(0.9493),tensor(2.1048e-16),tensor(0.0507)
tensor(0.9981),tensor(3.9824e-10),tensor(0.0019)
tensor(0.9999),tensor(1.8262e-24),tensor(8.0180e-05)
tensor(1.0000),tensor(2.8923e-17),tensor(7.6367e-06)
tensor(0.9997),tensor(3.6305e-13),tensor(0.0003)
tensor(0.0335),tensor(3.1358e-11),tensor(0.9665)
tensor(0.9997),tensor(3.1741e-13),tensor(0.0003)
tensor(0.9965),tensor(2.8532e-14),tensor(0.0035)
tensor(0.9998),tensor(6.5795e-17),tensor(0.0002)
tensor(0.9779),tensor(2.4367e-11),tensor(0.0221)
tensor(0.9500),tensor(3.0657e-10),tensor(0.0500)
tensor(0.9990),tensor(2.0494e-12),tensor(0.0010)
tensor(0.9999),tensor(3.7907e-13),tensor(9.9736e-05)
tensor(1.0000),tensor(3.0876e-17),tensor(2.0144e-05)
tensor(2.0828e-08),tensor(3.5785e-18),tensor(1.)
tensor(0.9998),tensor(4.0276e-20),tensor(0.0002)
tensor(0.9996),tensor(5.0612e-13),tensor(0.0004)
tensor(0.9998),tensor(4.0276e-20),tensor(0.0002)
tensor(0.9898),tensor(9.9836e-24),tensor(0.0102)
tensor(1.3067e-12),tensor(2.8290e-09),tensor(1.)
tensor(0.0052),tensor(0.9948),tensor(4.2135e-21)
tensor(1.),tensor(4.2201e-13),tensor(3.5197e-36)
tensor(0.1712),tensor(5.3689e-07),tensor(0.8288)
tensor(0.7185),tensor(9.6029e-05),tensor(0.2814)
tensor(0.9998),tensor(5.7004e-21),tensor(0.0002)
tensor(0.9990),tensor(3.7362e-11),tensor(0.0010)
tensor(0.9993),tensor(8.4379e-12),tensor(0.0007)
tensor(0.9993),tensor(4.0205e-15),tensor(0.0007)
tensor(0.9988),tensor(4.5015e-10),tensor(0.0012)
tensor(0.9999),tensor(1.2502e-12),tensor(6.1850e-05)
tensor(0.9999),tensor(2.2320e-16),tensor(0.0001)
tensor(1.0000),tensor(3.5996e-07),tensor(7.9041e-06)
tensor(5.7817e-13),tensor(1.5032e-25),tensor(1.)
tensor(1.),tensor(2.8263e-21),tensor(3.5818e-17)
tensor(5.7209e-07),tensor(7.1654e-17),tensor(1.0000)
tensor(0.0069),tensor(1.0618e-11),tensor(0.9931)
tensor(0.0011),tensor(1.6018e-16),tensor(0.9989)
tensor(1.2020e-13),tensor(1.3826e-22),tensor(1.)
tensor(0.0011),tensor(1.6018e-16),tensor(0.9989)
tensor(0.0019),tensor(4.1057e-12),tensor(0.9981)
tensor(0.0650),tensor(0.7013),tensor(0.2337)
tensor(1.9413e-13),tensor(1.6099e-17),tensor(1.)
tensor(0.9880),tensor(1.3700e-05),tensor(0.0120)
tensor(0.9984),tensor(2.8929e-12),tensor(0.0016)
tensor(0.9892),tensor(1.1973e-17),tensor(0.0108)
tensor(0.9685),tensor(9.3299e-17),tensor(0.0315)
tensor(0.9991),tensor(4.4256e-26),tensor(0.0009)
tensor(0.4814),tensor(9.3263e-23),tensor(0.5186)
tensor(4.9415e-05),tensor(3.3825e-18),tensor(1.0000)
tensor(0.9967),tensor(1.0731e-28),tensor(0.0033)
tensor(6.9427e-08),tensor(2.4349e-30),tensor(1.0000)
tensor(1.0032e-11),tensor(6.6968e-07),tensor(1.0000)
tensor(0.9998),tensor(4.8367e-22),tensor(0.0002)
tensor(1.2511e-17),tensor(4.5361e-18),tensor(1.)
tensor(0.9810),tensor(5.7667e-16),tensor(0.0190)
tensor(0.9976),tensor(7.1364e-11),tensor(0.0024)
tensor(0.6451),tensor(0.0056),tensor(0.3493)
tensor(6.5869e-07),tensor(3.7989e-16),tensor(1.0000)
tensor(0.9950),tensor(2.1476e-10),tensor(0.0050)
tensor(0.9844),tensor(4.1252e-10),tensor(0.0156)
tensor(0.9999),tensor(1.8111e-07),tensor(8.3168e-05)
tensor(4.3707e-05),tensor(4.4782e-15),tensor(1.0000)
tensor(0.0063),tensor(2.9423e-16),tensor(0.9937)
tensor(0.0006),tensor(2.2375e-20),tensor(0.9994)
tensor(1.8603e-19),tensor(2.4664e-38),tensor(1.)
tensor(0.0017),tensor(1.0017e-07),tensor(0.9983)
tensor(0.4382),tensor(1.3249e-22),tensor(0.5618)
tensor(0.9942),tensor(1.0710e-25),tensor(0.0058)
tensor(0.9610),tensor(9.6933e-24),tensor(0.0390)
tensor(7.1320e-12),tensor(1.1021e-09),tensor(1.)
tensor(6.1694e-18),tensor(1.1437e-07),tensor(1.0000)
tensor(5.9649e-22),tensor(0.0120),tensor(0.9880)
tensor(5.3824e-05),tensor(1.6227e-10),tensor(0.9999)
tensor(0.0010),tensor(5.3004e-05),tensor(0.9990)
tensor(0.0016),tensor(5.0184e-05),tensor(0.9984)
tensor(1.2237e-10),tensor(2.4217e-12),tensor(1.)
tensor(1.0456e-12),tensor(0.0001),tensor(0.9999)
tensor(0.0098),tensor(2.1611e-10),tensor(0.9902)
tensor(0.4343),tensor(0.4556),tensor(0.1101)
tensor(0.3479),tensor(0.5553),tensor(0.0968)
tensor(0.0201),tensor(2.3841e-11),tensor(0.9799)
tensor(0.0105),tensor(0.9795),tensor(0.0101)
tensor(0.9989),tensor(2.4491e-11),tensor(0.0011)
tensor(0.1229),tensor(2.1363e-10),tensor(0.8771)
tensor(2.7366e-12),tensor(1.5456e-08),tensor(1.)
tensor(1.1415e-23),tensor(7.5252e-12),tensor(1.)
tensor(1.0709e-05),tensor(9.9406e-10),tensor(1.0000)
tensor(8.5012e-05),tensor(1.0213e-11),tensor(0.9999)
tensor(0.0022),tensor(1.9190e-11),tensor(0.9978)
tensor(0.0008),tensor(6.1439e-15),tensor(0.9992)
tensor(0.0022),tensor(1.9190e-11),tensor(0.9978)
tensor(0.1407),tensor(6.3827e-07),tensor(0.8593)
tensor(0.0078),tensor(0.0304),tensor(0.9618)
tensor(0.0053),tensor(1.0320e-08),tensor(0.9947)
tensor(2.0760e-15),tensor(1.3640e-07),tensor(1.0000)
tensor(0.3241),tensor(5.4825e-07),tensor(0.6759)
tensor(2.0882e-12),tensor(0.0658),tensor(0.9342)
tensor(0.0313),tensor(2.5899e-05),tensor(0.9686)
tensor(0.1116),tensor(5.0253e-07),tensor(0.8884)
tensor(0.0260),tensor(1.2932e-06),tensor(0.9740)
tensor(2.7130e-05),tensor(0.5659),tensor(0.4341)
tensor(0.0601),tensor(0.0005),tensor(0.9394)
tensor(0.7056),tensor(1.0515e-10),tensor(0.2944)
tensor(0.8324),tensor(1.7807e-11),tensor(0.1676)
tensor(1.4353e-24),tensor(1.2654e-08),tensor(1.)
tensor(1.2597e-17),tensor(0.0002),tensor(0.9998)
tensor(9.7932e-05),tensor(3.3332e-08),tensor(0.9999)
tensor(1.2597e-17),tensor(0.0002),tensor(0.9998)
tensor(5.7921e-14),tensor(7.8876e-19),tensor(1.)
tensor(1.2996e-09),tensor(0.0011),tensor(0.9989)
tensor(0.9404),tensor(2.9058e-19),tensor(0.0596)
tensor(0.2003),tensor(2.1344e-15),tensor(0.7997)
tensor(9.4495e-12),tensor(1.4602e-09),tensor(1.)
tensor(8.4521e-24),tensor(1.2744e-09),tensor(1.)
tensor(0.0447),tensor(4.1928e-18),tensor(0.9553)
tensor(0.9998),tensor(1.4513e-13),tensor(0.0002)
tensor(0.9999),tensor(2.7234e-22),tensor(8.5766e-05)
tensor(0.9858),tensor(6.2936e-21),tensor(0.0142)
tensor(0.6877),tensor(6.1479e-26),tensor(0.3123)
tensor(0.9858),tensor(6.2936e-21),tensor(0.0142)
tensor(1.0000),tensor(1.6824e-16),tensor(1.3560e-05)
tensor(1.0000),tensor(1.9936e-05),tensor(3.8829e-06)
tensor(2.0850e-16),tensor(1.5207e-15),tensor(1.)
tensor(0.0012),tensor(1.1459e-06),tensor(0.9988)
tensor(0.0002),tensor(1.0399e-08),tensor(0.9998)
tensor(2.5897e-09),tensor(2.1415e-13),tensor(1.)
tensor(9.2211e-26),tensor(4.0162e-08),tensor(1.)
tensor(0.0009),tensor(1.3808e-16),tensor(0.9991)
tensor(0.0009),tensor(1.9450e-12),tensor(0.9991)
tensor(3.8627e-06),tensor(2.3908e-13),tensor(1.0000)
tensor(0.0009),tensor(1.9450e-12),tensor(0.9991)
tensor(0.0673),tensor(0.7261),tensor(0.2066)
tensor(0.9984),tensor(5.0984e-16),tensor(0.0016)
tensor(1.4801e-13),tensor(2.2139e-28),tensor(1.)
tensor(0.0798),tensor(5.3068e-15),tensor(0.9202)
tensor(0.9354),tensor(4.6477e-16),tensor(0.0646)
tensor(0.9927),tensor(3.5113e-10),tensor(0.0073)
tensor(0.9980),tensor(8.1935e-06),tensor(0.0020)
tensor(0.9977),tensor(1.5657e-10),tensor(0.0023)
tensor(0.9999),tensor(1.1241e-13),tensor(0.0001)
tensor(0.9515),tensor(1.8398e-06),tensor(0.0485)
tensor(0.9999),tensor(1.1241e-13),tensor(0.0001)
tensor(0.9999),tensor(2.2321e-16),tensor(0.0001)
tensor(0.9880),tensor(1.5826e-13),tensor(0.0120)
tensor(0.9999),tensor(2.2321e-16),tensor(0.0001)
tensor(1.0000),tensor(3.5996e-07),tensor(1.1234e-05)
tensor(6.9237e-20),tensor(1.3200e-17),tensor(1.)
tensor(0.0003),tensor(9.8303e-20),tensor(0.9997)
tensor(3.6437e-17),tensor(1.1797e-16),tensor(1.)
tensor(0.0003),tensor(9.8303e-20),tensor(0.9997)
tensor(0.0003),tensor(3.6955e-20),tensor(0.9997)
tensor(0.0059),tensor(1.6067e-30),tensor(0.9941)
tensor(0.9985),tensor(2.4482e-11),tensor(0.0015)
tensor(0.8367),tensor(1.4538e-09),tensor(0.1633)
tensor(0.9983),tensor(5.0980e-16),tensor(0.0017)
tensor(1.3872e-13),tensor(2.0749e-28),tensor(1.)
tensor(0.0649),tensor(4.3183e-15),tensor(0.9351)
tensor(0.8562),tensor(2.1501e-27),tensor(0.1438)
tensor(0.9900),tensor(3.5946e-18),tensor(0.0100)
tensor(0.2363),tensor(1.3974e-12),tensor(0.7637)
tensor(0.9705),tensor(1.3734e-13),tensor(0.0295)
tensor(0.9972),tensor(7.9987e-15),tensor(0.0028)
tensor(0.9953),tensor(8.6682e-10),tensor(0.0047)
tensor(0.8930),tensor(2.5919e-13),tensor(0.1070)
tensor(0.9953),tensor(8.6682e-10),tensor(0.0047)
tensor(0.9980),tensor(8.1931e-06),tensor(0.0020)
tensor(1.9925e-06),tensor(4.3583e-06),tensor(1.0000)
tensor(4.3054e-13),tensor(1.6343e-06),tensor(1.0000)
tensor(3.8801e-27),tensor(2.1343e-11),tensor(1.)
tensor(3.8610e-17),tensor(7.1576e-07),tensor(1.0000)
tensor(3.3526e-07),tensor(6.9103e-16),tensor(1.0000)
tensor(3.8610e-17),tensor(7.1576e-07),tensor(1.0000)
tensor(4.9621e-20),tensor(1.),tensor(7.0626e-13)
tensor(0.9999),tensor(8.3288e-15),tensor(6.9115e-05)
tensor(1.0000),tensor(7.3780e-22),tensor(9.2273e-07)
tensor(0.9219),tensor(2.9541e-17),tensor(0.0781)
tensor(0.7196),tensor(7.3513e-05),tensor(0.2803)
tensor(0.9986),tensor(1.4391e-07),tensor(0.0014)
tensor(0.9993),tensor(8.2735e-16),tensor(0.0007)
tensor(0.9999),tensor(1.3050e-06),tensor(5.7486e-05)
tensor(2.9050e-15),tensor(2.0390e-13),tensor(1.)
tensor(6.8304e-16),tensor(2.4765e-16),tensor(1.)
tensor(1.5827e-06),tensor(9.9943e-23),tensor(1.0000)
tensor(6.4964e-07),tensor(9.5108e-26),tensor(1.0000)
tensor(0.0177),tensor(6.6899e-15),tensor(0.9823)
tensor(6.4964e-07),tensor(9.5108e-26),tensor(1.0000)
tensor(0.0177),tensor(6.6899e-15),tensor(0.9823)
tensor(0.0664),tensor(0.7166),tensor(0.2170)
tensor(6.8420e-12),tensor(1.1356e-25),tensor(1.)
tensor(0.8634),tensor(1.0770e-19),tensor(0.1366)
tensor(0.9261),tensor(5.6086e-15),tensor(0.0739)
tensor(0.9956),tensor(8.6785e-21),tensor(0.0044)
tensor(0.9854),tensor(3.6627e-13),tensor(0.0146)
tensor(0.0704),tensor(4.6827e-15),tensor(0.9296)
tensor(0.9943),tensor(1.9462e-15),tensor(0.0057)
tensor(0.8443),tensor(7.2293e-20),tensor(0.1557)
tensor(0.9946),tensor(1.1174e-14),tensor(0.0054)
tensor(0.9753),tensor(1.6782e-12),tensor(0.0247)
tensor(0.9998),tensor(1.6154e-21),tensor(0.0002)
tensor(2.2846e-27),tensor(4.7089e-36),tensor(1.)
tensor(0.6208),tensor(6.3739e-20),tensor(0.3792)
tensor(0.8215),tensor(1.2900e-32),tensor(0.1785)
tensor(0.9020),tensor(1.8290e-20),tensor(0.0980)
tensor(0.0011),tensor(7.0257e-32),tensor(0.9989)
tensor(0.9020),tensor(1.8290e-20),tensor(0.0980)
tensor(0.9979),tensor(2.0227e-16),tensor(0.0021)
tensor(0.9999),tensor(4.0594e-15),tensor(7.0867e-05)
tensor(1.),tensor(8.3294e-15),tensor(5.8812e-42)
tensor(0.9326),tensor(2.9884e-17),tensor(0.0674)
tensor(1.0968e-05),tensor(1.0181e-09),tensor(1.0000)
tensor(5.8963e-05),tensor(1.9257e-11),tensor(0.9999)
tensor(5.4848e-06),tensor(1.1285e-07),tensor(1.0000)
tensor(3.5572e-10),tensor(6.7042e-19),tensor(1.)
tensor(1.2470e-15),tensor(1.8313e-17),tensor(1.)
tensor(4.3291e-24),tensor(5.1090e-19),tensor(1.)
tensor(0.0649),tensor(4.3183e-15),tensor(0.9351)
tensor(0.2363),tensor(1.3974e-12),tensor(0.7637)
tensor(0.9463),tensor(9.0144e-16),tensor(0.0537)
tensor(0.9928),tensor(2.8396e-12),tensor(0.0072)
tensor(0.9994),tensor(7.9387e-21),tensor(0.0006)
tensor(0.9354),tensor(5.5602e-20),tensor(0.0646)
tensor(0.0110),tensor(1.4126e-15),tensor(0.9890)
tensor(1.0906e-15),tensor(3.0610e-22),tensor(1.)
tensor(6.1156e-18),tensor(3.8328e-21),tensor(1.)
tensor(9.4945e-06),tensor(3.9527e-07),tensor(1.0000)
tensor(0.0081),tensor(0.0011),tensor(0.9908)
tensor(0.0002),tensor(0.1002),tensor(0.8996)
tensor(0.0166),tensor(6.5988e-14),tensor(0.9834)
tensor(0.3147),tensor(0.0004),tensor(0.6849)
tensor(0.0009),tensor(1.1778e-06),tensor(0.9991)
tensor(0.0091),tensor(0.0003),tensor(0.9906)
tensor(0.0052),tensor(0.0043),tensor(0.9905)
tensor(0.0019),tensor(5.8108e-05),tensor(0.9981)
tensor(0.8761),tensor(3.3591e-08),tensor(0.1239)
tensor(0.0263),tensor(1.3080e-06),tensor(0.9737)
tensor(0.0081),tensor(0.0011),tensor(0.9908)
tensor(0.8287),tensor(1.7729e-11),tensor(0.1713)
tensor(0.4312),tensor(0.4524),tensor(0.1164)
tensor(1.6364e-05),tensor(5.8051e-38),tensor(1.0000)
tensor(0.8631),tensor(4.4860e-31),tensor(0.1369)
tensor(0.9878),tensor(2.4063e-19),tensor(0.0122)
tensor(0.9999),tensor(4.0594e-15),tensor(6.7455e-05)
tensor(0.9998),tensor(1.2616e-06),tensor(0.0002)
tensor(0.0597),tensor(3.9691e-15),tensor(0.9403)
tensor(0.9993),tensor(4.9167e-21),tensor(0.0007)
tensor(0.9695),tensor(1.3720e-13),tensor(0.0305)
tensor(0.9666),tensor(2.2114e-13),tensor(0.0334)
tensor(0.9952),tensor(8.6671e-10),tensor(0.0048)
tensor(0.9886),tensor(1.1981e-16),tensor(0.0114)
tensor(0.7994),tensor(2.6222e-17),tensor(0.2006)
tensor(0.8312),tensor(1.3052e-32),tensor(0.1688)
tensor(2.0315e-10),tensor(4.4812e-12),tensor(1.)
tensor(5.7111e-25),tensor(5.0162e-19),tensor(1.)
tensor(0.9860),tensor(1.9333e-22),tensor(0.0140)
tensor(0.6116),tensor(9.7066e-28),tensor(0.3884)
tensor(0.9999),tensor(5.3843e-29),tensor(0.0001)
tensor(0.9988),tensor(5.9668e-14),tensor(0.0012)
tensor(0.9992),tensor(2.1016e-28),tensor(0.0008)
tensor(6.8370e-08),tensor(2.1496e-27),tensor(1.0000)
tensor(0.7376),tensor(1.9249e-20),tensor(0.2624)
tensor(5.5737e-12),tensor(9.2512e-26),tensor(1.)
tensor(0.9999),tensor(2.8927e-19),tensor(6.1504e-05)
tensor(0.9992),tensor(1.6497e-26),tensor(0.0008)
tensor(0.9987),tensor(3.5672e-14),tensor(0.0013)
tensor(1.0000),tensor(4.5767e-12),tensor(2.5217e-05)
tensor(1.0000),tensor(1.9936e-05),tensor(3.7699e-06)
tensor(8.7981e-06),tensor(3.6628e-07),tensor(1.0000)
tensor(0.8337),tensor(2.7418e-05),tensor(0.1663)
tensor(0.0031),tensor(5.9435e-09),tensor(0.9969)
tensor(2.5205e-05),tensor(0.5258),tensor(0.4742)
tensor(2.2118e-05),tensor(5.8322e-07),tensor(1.0000)
tensor(0.0001),tensor(0.0002),tensor(0.9997)
tensor(0.0017),tensor(5.2054e-05),tensor(0.9983)
tensor(0.1538),tensor(4.9181e-08),tensor(0.8462)
tensor(6.4160e-05),tensor(0.0032),tensor(0.9967)
tensor(8.5249e-05),tensor(4.3699e-15),tensor(0.9999)
tensor(0.0076),tensor(0.0002),tensor(0.9922)
tensor(5.3475e-12),tensor(8.7430e-10),tensor(1.)
tensor(0.0244),tensor(2.0155e-05),tensor(0.9756)
tensor(0.1000),tensor(1.8509e-09),tensor(0.9000)
tensor(0.0093),tensor(2.5701e-08),tensor(0.9907)
tensor(0.9999),tensor(2.8927e-19),tensor(6.0988e-05)
tensor(0.9968),tensor(3.7969e-22),tensor(0.0032)
tensor(1.0000),tensor(6.4835e-12),tensor(1.4182e-05)
tensor(0.9998),tensor(7.5713e-18),tensor(0.0002)
tensor(0.9523),tensor(1.8286e-16),tensor(0.0477)
tensor(0.9985),tensor(7.6734e-21),tensor(0.0015)
tensor(1.0000),tensor(1.6823e-16),tensor(1.4727e-05)
tensor(0.9998),tensor(2.0695e-17),tensor(0.0002)
tensor(0.9999),tensor(2.3939e-11),tensor(0.0001)
tensor(0.9384),tensor(1.7168e-13),tensor(0.0616)
tensor(0.0014),tensor(8.5576e-15),tensor(0.9986)
tensor(0.9969),tensor(2.1195e-25),tensor(0.0031)
tensor(0.9987),tensor(5.9664e-14),tensor(0.0013)
tensor(1.0000),tensor(6.4835e-12),tensor(1.4083e-05)
tensor(0.9987),tensor(5.9664e-14),tensor(0.0013)
tensor(0.9998),tensor(2.7556e-14),tensor(0.0002)
tensor(1.0000),tensor(2.5975e-09),tensor(3.1216e-05)
tensor(1.0000),tensor(1.9936e-05),tensor(3.4268e-06)
tensor(1.),tensor(5.9798e-14),tensor(1.7297e-08)
tensor(8.3455e-05),tensor(1.3680e-10),tensor(0.9999)
tensor(9.1716e-10),tensor(2.4544e-14),tensor(1.)
tensor(3.1074e-17),tensor(2.6529e-26),tensor(1.)
tensor(0.7409),tensor(4.8748e-12),tensor(0.2591)
tensor(0.9993),tensor(1.0613e-11),tensor(0.0007)
tensor(0.9376),tensor(9.6147e-16),tensor(0.0624)
tensor(0.9993),tensor(1.0613e-11),tensor(0.0007)
tensor(0.9938),tensor(5.6879e-08),tensor(0.0062)
tensor(0.9996),tensor(7.4399e-13),tensor(0.0004)
tensor(0.9996),tensor(2.7295e-18),tensor(0.0004)
tensor(0.9990),tensor(2.2819e-15),tensor(0.0010)
tensor(0.9998),tensor(5.1494e-22),tensor(0.0002)
tensor(0.9168),tensor(2.9376e-17),tensor(0.0832)
tensor(7.7586e-20),tensor(0.0004),tensor(0.9996)
tensor(1.5208e-29),tensor(0.0024),tensor(0.9976)
tensor(3.5646e-20),tensor(0.7184),tensor(0.2816)
tensor(1.5827e-06),tensor(9.9943e-23),tensor(1.0000)
tensor(7.4383e-07),tensor(4.8497e-11),tensor(1.0000)
tensor(7.4907e-08),tensor(2.4689e-11),tensor(1.0000)
tensor(0.0258),tensor(0.0234),tensor(0.9509)
tensor(8.6900e-12),tensor(4.9119e-13),tensor(1.)
tensor(0.9989),tensor(1.0629e-07),tensor(0.0011)
tensor(0.9996),tensor(1.0128e-12),tensor(0.0004)
tensor(0.9151),tensor(5.4763e-06),tensor(0.0849)
tensor(0.9993),tensor(5.9620e-13),tensor(0.0007)
tensor(0.0002),tensor(3.6867e-18),tensor(0.9998)
tensor(3.3494e-06),tensor(7.3885e-19),tensor(1.0000)
tensor(0.1132),tensor(0.8868),tensor(2.3330e-10)
tensor(1.8981e-15),tensor(3.9915e-21),tensor(1.)
tensor(4.3686e-12),tensor(7.7409e-11),tensor(1.)
tensor(5.8440e-08),tensor(3.0541e-28),tensor(1.)
tensor(1.8295e-23),tensor(1.2060e-11),tensor(1.)
tensor(0.0675),tensor(1.4265e-14),tensor(0.9325)
tensor(0.9981),tensor(3.9824e-10),tensor(0.0019)
tensor(0.9493),tensor(2.1048e-16),tensor(0.0507)
tensor(1.0000),tensor(3.1361e-06),tensor(8.0908e-06)
tensor(0.9660),tensor(2.0314e-08),tensor(0.0340)
tensor(0.9996),tensor(1.9019e-14),tensor(0.0004)
tensor(0.9989),tensor(3.0705e-14),tensor(0.0011)
tensor(0.9991),tensor(2.0496e-12),tensor(0.0009)
tensor(0.9999),tensor(5.7464e-05),tensor(5.7749e-05)
tensor(1.5319e-05),tensor(1.0176e-18),tensor(1.0000)
tensor(0.0002),tensor(2.8280e-16),tensor(0.9998)
tensor(1.3611e-10),tensor(1.9164e-16),tensor(1.)
tensor(0.0003),tensor(1.0217e-11),tensor(0.9997)
tensor(0.0650),tensor(0.7013),tensor(0.2337)
tensor(0.8782),tensor(3.2521e-15),tensor(0.1218)
tensor(0.0018),tensor(2.1888e-11),tensor(0.9982)
tensor(4.8750e-14),tensor(1.0554e-10),tensor(1.)
tensor(9.9171e-07),tensor(2.6581e-10),tensor(1.0000)
tensor(0.9985),tensor(1.6386e-12),tensor(0.0015)
tensor(3.7802e-09),tensor(2.1762e-09),tensor(1.)
tensor(0.0183),tensor(2.2561e-08),tensor(0.9817)
tensor(0.9892),tensor(1.1973e-17),tensor(0.0108)
tensor(0.9685),tensor(9.3299e-17),tensor(0.0315)
tensor(4.9753e-07),tensor(6.2315e-17),tensor(1.0000)
tensor(0.0002),tensor(2.1514e-16),tensor(0.9998)
tensor(0.0673),tensor(0.7261),tensor(0.2066)
tensor(2.3623e-08),tensor(1.2049e-09),tensor(1.)
tensor(0.2146),tensor(1.9074e-09),tensor(0.7854)
tensor(0.3558),tensor(4.2080e-07),tensor(0.6442)
tensor(0.0004),tensor(2.8557e-06),tensor(0.9996)
tensor(2.7269e-12),tensor(2.6790e-08),tensor(1.)
tensor(0.0146),tensor(2.1296e-09),tensor(0.9854)
tensor(1.1481e-05),tensor(2.3190e-09),tensor(1.0000)
tensor(0.0016),tensor(1.0686e-09),tensor(0.9984)
tensor(1.7574e-08),tensor(1.6418e-12),tensor(1.)
tensor(0.0041),tensor(2.7824e-12),tensor(0.9959)
tensor(0.0063),tensor(2.9423e-16),tensor(0.9937)
tensor(0.3615),tensor(8.5680e-21),tensor(0.6385)
tensor(0.9792),tensor(1.0207e-19),tensor(0.0208)
tensor(0.9995),tensor(5.0607e-13),tensor(0.0005)
tensor(0.9640),tensor(9.7237e-24),tensor(0.0360)
tensor(0.8750),tensor(5.7567e-12),tensor(0.1250)
tensor(0.0142),tensor(1.2511e-11),tensor(0.9858)
tensor(0.8750),tensor(5.7567e-12),tensor(0.1250)
tensor(0.0820),tensor(1.9499e-08),tensor(0.9180)
tensor(0.0001),tensor(2.1436e-05),tensor(0.9998)
tensor(0.6249),tensor(1.1528e-14),tensor(0.3751)
tensor(0.9846),tensor(2.7016e-16),tensor(0.0154)
tensor(4.1558e-16),tensor(8.5657e-25),tensor(1.)
tensor(0.9846),tensor(2.7016e-16),tensor(0.0154)
tensor(4.1558e-16),tensor(8.5657e-25),tensor(1.)
tensor(4.6317e-12),tensor(7.6877e-26),tensor(1.)
tensor(0.9939),tensor(8.0880e-18),tensor(0.0061)
tensor(0.9679),tensor(4.7483e-20),tensor(0.0321)
tensor(1.3522e-05),tensor(4.7967e-38),tensor(1.0000)
tensor(0.9473),tensor(2.4212e-16),tensor(0.0527)
tensor(0.8942),tensor(4.6101e-22),tensor(0.1058)
tensor(0.9887),tensor(1.2106e-35),tensor(0.0113)
tensor(1.),tensor(2.2437e-14),tensor(1.2338e-11)
tensor(3.6945e-15),tensor(1.3999e-13),tensor(1.)
tensor(6.9202e-17),tensor(5.9080e-26),tensor(1.)
tensor(0.9999),tensor(1.8261e-24),tensor(0.0001)
tensor(0.9802),tensor(1.0217e-19),tensor(0.0198)
tensor(0.9667),tensor(9.7514e-24),tensor(0.0333)
tensor(0.6877),tensor(6.1479e-26),tensor(0.3123)
tensor(0.4369),tensor(2.6782e-12),tensor(0.5631)
tensor(1.1386e-13),tensor(6.2873e-16),tensor(1.)
tensor(0.0013),tensor(1.0202e-13),tensor(0.9987)
tensor(0.9846),tensor(1.2310e-19),tensor(0.0154)
tensor(0.0013),tensor(1.0202e-13),tensor(0.9987)
tensor(0.0001),tensor(2.4809e-14),tensor(0.9999)
tensor(0.0013),tensor(1.0202e-13),tensor(0.9987)
tensor(0.9846),tensor(1.2310e-19),tensor(0.0154)
tensor(0.0061),tensor(1.6514e-30),tensor(0.9939)
tensor(0.0853),tensor(1.8964e-10),tensor(0.9147)
tensor(0.0760),tensor(4.3681e-09),tensor(0.9240)
tensor(0.4540),tensor(1.3726e-22),tensor(0.5460)
tensor(0.0024),tensor(1.1338e-11),tensor(0.9976)
tensor(0.9601),tensor(7.9505e-08),tensor(0.0399)
tensor(0.0077),tensor(0.0011),tensor(0.9911)
tensor(1.6094e-16),tensor(0.0090),tensor(0.9910)
tensor(1.0707e-25),tensor(0.0008),tensor(0.9992)
tensor(7.8171e-15),tensor(6.1717e-31),tensor(1.)
tensor(7.8171e-15),tensor(6.1717e-31),tensor(1.)
tensor(2.4914e-15),tensor(6.3125e-21),tensor(1.)
tensor(1.2597e-17),tensor(0.0002),tensor(0.9998)
tensor(9.7932e-05),tensor(3.3332e-08),tensor(0.9999)
tensor(0.2912),tensor(1.2515e-18),tensor(0.7088)
tensor(0.2003),tensor(2.1344e-15),tensor(0.7997)
tensor(0.9998),tensor(3.0430e-12),tensor(0.0002)
tensor(0.9783),tensor(8.1427e-08),tensor(0.0217)
tensor(0.9992),tensor(5.9615e-13),tensor(0.0008)
tensor(1.5976e-12),tensor(0.0002),tensor(0.9998)
tensor(1.0000),tensor(1.9284e-06),tensor(5.5602e-15)
tensor(0.0067),tensor(0.1089),tensor(0.8844)
tensor(0.8105),tensor(6.8544e-32),tensor(0.1895)
tensor(1.7129e-18),tensor(1.0735e-21),tensor(1.)
tensor(0.0024),tensor(1.2395e-13),tensor(0.9976)
tensor(0.0010),tensor(2.1210e-12),tensor(0.9990)
tensor(0.0656),tensor(0.7078),tensor(0.2266)
tensor(0.9940),tensor(8.0881e-18),tensor(0.0060)
tensor(0.9897),tensor(1.2705e-16),tensor(0.0103)
tensor(0.9998),tensor(1.2617e-06),tensor(0.0002)
tensor(0.0003),tensor(1.7263e-17),tensor(0.9997)
tensor(8.7148e-09),tensor(3.0564e-31),tensor(1.)
tensor(0.7552),tensor(7.7149e-05),tensor(0.2447)
tensor(0.9738),tensor(8.1046e-08),tensor(0.0262)
tensor(0.9986),tensor(2.0110e-12),tensor(0.0014)
tensor(0.0019),tensor(1.6645e-18),tensor(0.9981)
tensor(0.9996),tensor(2.3859e-09),tensor(0.0004)
tensor(6.0046e-07),tensor(1.3803e-06),tensor(1.0000)
tensor(0.9996),tensor(2.3859e-09),tensor(0.0004)
tensor(0.8647),tensor(1.4147e-07),tensor(0.1353)
tensor(0.9978),tensor(5.9528e-13),tensor(0.0022)
tensor(8.8447e-20),tensor(0.0004),tensor(0.9996)
tensor(1.1908e-12),tensor(3.7678e-06),tensor(1.0000)
tensor(0.0002),tensor(0.0502),tensor(0.9496)
tensor(3.5918e-13),tensor(1.3634e-06),tensor(1.0000)
tensor(2.9670e-17),tensor(0.0088),tensor(0.9912)
tensor(1.1012e-05),tensor(0.6836),tensor(0.3163)
tensor(1.7769e-10),tensor(0.1339),tensor(0.8661)
tensor(2.2511e-11),tensor(0.2724),tensor(0.7276)
tensor(2.7471e-19),tensor(0.0070),tensor(0.9930)
tensor(9.8000e-31),tensor(0.9346),tensor(0.0654)
tensor(1.2190e-23),tensor(0.0002),tensor(0.9998)
tensor(1.8688e-14),tensor(5.1633e-15),tensor(1.)
tensor(0.9969),tensor(3.4103e-14),tensor(0.0031)
tensor(5.7241e-14),tensor(1.2393e-10),tensor(1.)
tensor(0.0052),tensor(0.9948),tensor(4.2135e-21)
tensor(0.0001),tensor(0.9999),tensor(1.0312e-29)
tensor(0.7435),tensor(0.2565),tensor(2.1951e-34)
tensor(1.0137e-06),tensor(1.0000),tensor(8.0670e-35)
tensor(1.0000),tensor(9.9560e-06),tensor(6.4971e-35)
tensor(1.),tensor(2.0802e-09),tensor(4.0470e-38)
tensor(0.0105),tensor(0.9811),tensor(0.0084)
tensor(0.0088),tensor(7.9097e-06),tensor(0.9911)
tensor(7.1556e-06),tensor(0.0002),tensor(0.9998)
tensor(0.0008),tensor(2.8559e-06),tensor(0.9992)
tensor(1.7578e-09),tensor(1.1862e-12),tensor(1.)
tensor(4.1893e-06),tensor(8.3573e-09),tensor(1.0000)
tensor(2.6163e-07),tensor(1.0000),tensor(3.8899e-09)
tensor(0.9997),tensor(3.2411e-13),tensor(0.0003)
tensor(1.0000),tensor(4.6923e-19),tensor(3.5816e-05)
tensor(1.0000),tensor(7.6081e-10),tensor(1.3276e-05)
tensor(0.9929),tensor(6.2672e-11),tensor(0.0071)
tensor(0.9987),tensor(4.6869e-13),tensor(0.0013)
tensor(1.),tensor(2.3869e-09),tensor(1.2486e-08)
tensor(0.9929),tensor(2.3087e-09),tensor(0.0071)
tensor(1.0000),tensor(5.8064e-09),tensor(4.2407e-07)
tensor(0.0005),tensor(0.0018),tensor(0.9977)
tensor(0.9895),tensor(0.0001),tensor(0.0104)
tensor(0.9465),tensor(0.0535),tensor(5.4083e-27)
tensor(0.0040),tensor(0.9960),tensor(6.8136e-37)
tensor(1.),tensor(7.4696e-09),tensor(8.6707e-33)
tensor(3.0437e-05),tensor(0.9554),tensor(0.0446)
tensor(4.7708e-08),tensor(1.5000e-27),tensor(1.)
tensor(9.5837e-12),tensor(1.5907e-25),tensor(1.)
tensor(2.3373e-11),tensor(5.6953e-11),tensor(1.)
tensor(3.0980e-12),tensor(4.1203e-13),tensor(1.)
tensor(0.0110),tensor(5.2784e-18),tensor(0.9890)
tensor(3.1437e-11),tensor(3.4833e-09),tensor(1.)
tensor(7.6563e-24),tensor(9.0356e-19),tensor(1.)
tensor(3.6355e-16),tensor(1.1256e-13),tensor(1.)
tensor(2.2420e-12),tensor(4.3423e-06),tensor(1.0000)
tensor(6.7556e-24),tensor(2.9424e-06),tensor(1.0000)
tensor(1.6251e-07),tensor(3.0872e-17),tensor(1.0000)
tensor(0.9758),tensor(2.2417e-23),tensor(0.0242)
tensor(0.4880),tensor(3.7953e-19),tensor(0.5120)
tensor(0.9758),tensor(2.2417e-23),tensor(0.0242)
tensor(4.4014e-09),tensor(2.2631e-14),tensor(1.)
tensor(1.),tensor(4.0233e-15),tensor(2.2559e-39)
tensor(1.0000),tensor(3.5996e-07),tensor(9.5431e-06)
tensor(4.2916e-13),tensor(1.6197e-26),tensor(1.)
tensor(2.4009e-08),tensor(3.7898e-13),tensor(1.)
tensor(0.0110),tensor(1.4126e-15),tensor(0.9890)
tensor(0.9755),tensor(1.5936e-13),tensor(0.0245)
tensor(7.4108e-10),tensor(1.5700e-15),tensor(1.)
tensor(6.1156e-18),tensor(3.8328e-21),tensor(1.)
tensor(0.0262),tensor(6.3353e-07),tensor(0.9738)
tensor(0.0001),tensor(2.0958e-05),tensor(0.9998)
tensor(0.9954),tensor(5.8721e-21),tensor(0.0046)
tensor(4.8741e-11),tensor(1.7527e-17),tensor(1.)
tensor(0.9874),tensor(2.4055e-19),tensor(0.0126)
tensor(4.8741e-11),tensor(1.7527e-17),tensor(1.)
tensor(0.7249),tensor(8.7077e-19),tensor(0.2751)
tensor(5.9519e-24),tensor(2.7880e-32),tensor(1.)
tensor(0.7249),tensor(8.7077e-19),tensor(0.2751)
tensor(0.8831),tensor(3.4858e-22),tensor(0.1169)
tensor(0.9884),tensor(1.2102e-35),tensor(0.0116)
tensor(0.0533),tensor(1.1267e-14),tensor(0.9467)
tensor(0.9986),tensor(5.8924e-17),tensor(0.0014)
tensor(0.9258),tensor(2.0526e-16),tensor(0.0742)
tensor(0.0114),tensor(3.5727e-08),tensor(0.9886)
tensor(0.9996),tensor(1.6403e-09),tensor(0.0004)
tensor(7.6069e-06),tensor(1.2470e-11),tensor(1.0000)
tensor(4.8321e-11),tensor(1.2931e-15),tensor(1.)
tensor(8.1392e-15),tensor(6.9488e-24),tensor(1.)
tensor(1.2004e-16),tensor(1.0248e-25),tensor(1.)
tensor(0.0001),tensor(1.6190e-18),tensor(0.9999)
tensor(2.5210e-05),tensor(1.8366e-16),tensor(1.0000)
tensor(0.0001),tensor(2.3604e-14),tensor(0.9999)
tensor(8.5382e-12),tensor(1.1090e-22),tensor(1.)
tensor(1.3352e-07),tensor(1.4416e-24),tensor(1.0000)
tensor(0.0002),tensor(8.7146e-14),tensor(0.9998)
tensor(4.0833e-05),tensor(5.0108e-15),tensor(1.0000)
tensor(0.0195),tensor(5.9842e-19),tensor(0.9805)
tensor(1.),tensor(3.6762e-15),tensor(3.6762e-15)
tensor(2.7188e-14),tensor(5.7172e-20),tensor(1.)
tensor(0.7274),tensor(8.7378e-19),tensor(0.2726)
tensor(0.9901),tensor(1.4124e-16),tensor(0.0099)
tensor(0.9988),tensor(5.5060e-13),tensor(0.0012)
tensor(0.8786),tensor(2.9273e-17),tensor(0.1214)
tensor(0.8061),tensor(2.5872e-19),tensor(0.1939)
tensor(0.9979),tensor(2.0227e-16),tensor(0.0021)
tensor(0.8061),tensor(2.5872e-19),tensor(0.1939)
tensor(0.9901),tensor(1.4124e-16),tensor(0.0099)
tensor(0.9884),tensor(1.2102e-35),tensor(0.0116)
tensor(0.0449),tensor(0.0004),tensor(0.9547)
tensor(0.0011),tensor(3.1558e-06),tensor(0.9989)
tensor(0.0056),tensor(0.0002),tensor(0.9943)
tensor(1.6830e-05),tensor(8.6269e-16),tensor(1.0000)
tensor(0.2730),tensor(4.6180e-07),tensor(0.7270)
tensor(0.8932),tensor(4.2331e-10),tensor(0.1068)
tensor(0.0103),tensor(2.8477e-08),tensor(0.9897)
tensor(0.0003),tensor(9.8303e-20),tensor(0.9997)
tensor(3.6437e-17),tensor(1.1797e-16),tensor(1.)
tensor(0.0082),tensor(4.3468e-18),tensor(0.9918)
tensor(2.8088e-13),tensor(1.3996e-14),tensor(1.)
tensor(5.1534e-06),tensor(1.6270e-18),tensor(1.0000)
tensor(0.0002),tensor(9.1975e-14),tensor(0.9998)
tensor(5.1534e-06),tensor(1.6270e-18),tensor(1.0000)
tensor(1.9288e-11),tensor(1.4591e-29),tensor(1.)
tensor(8.6715e-07),tensor(2.2616e-19),tensor(1.0000)
tensor(1.0684e-11),tensor(1.3878e-22),tensor(1.)
tensor(0.0003),tensor(3.3728e-18),tensor(0.9997)
tensor(9.0662e-09),tensor(1.8988e-13),tensor(1.)
tensor(0.9792),tensor(5.7567e-16),tensor(0.0208)
tensor(0.7670),tensor(7.3127e-15),tensor(0.2330)
tensor(0.9277),tensor(9.7690e-07),tensor(0.0723)
tensor(0.9999),tensor(3.9206e-12),tensor(0.0001)
tensor(0.9739),tensor(6.4148e-06),tensor(0.0261)
tensor(0.9993),tensor(2.5383e-13),tensor(0.0007)
tensor(0.0222),tensor(0.0007),tensor(0.9771)
tensor(0.9982),tensor(1.0843e-13),tensor(0.0018)
tensor(0.6698),tensor(1.7579e-06),tensor(0.3302)
tensor(0.1974),tensor(0.0003),tensor(0.8023)
tensor(0.0001),tensor(1.4238e-16),tensor(0.9999)
tensor(0.9954),tensor(5.6972e-08),tensor(0.0046)
tensor(0.9999),tensor(1.8111e-07),tensor(9.2622e-05)
tensor(3.9455e-10),tensor(2.0683e-25),tensor(1.)
tensor(0.0382),tensor(7.4443e-13),tensor(0.9618)
tensor(0.0003),tensor(2.1053e-16),tensor(0.9997)
tensor(0.9997),tensor(1.6405e-09),tensor(0.0003)
tensor(2.5044e-05),tensor(4.1054e-11),tensor(1.0000)
tensor(6.9202e-17),tensor(5.9080e-26),tensor(1.)
tensor(5.0095e-15),tensor(4.8108e-07),tensor(1.0000)
tensor(1.7256e-23),tensor(0.1252),tensor(0.8748)
tensor(6.8010e-14),tensor(1.4724e-10),tensor(1.)
tensor(0.9474),tensor(4.0139e-13),tensor(0.0526)
tensor(0.9920),tensor(2.0266e-08),tensor(0.0080)
tensor(8.7905e-09),tensor(5.0607e-09),tensor(1.)
tensor(6.8010e-14),tensor(1.4724e-10),tensor(1.)
tensor(6.6525e-06),tensor(1.7831e-09),tensor(1.0000)
tensor(0.9817),tensor(4.7290e-11),tensor(0.0183)
tensor(4.7483e-20),tensor(9.0522e-18),tensor(1.)
tensor(1.4259e-07),tensor(2.7088e-17),tensor(1.0000)
tensor(0.7492),tensor(5.7513e-25),tensor(0.2508)
tensor(6.1677e-07),tensor(2.3899e-28),tensor(1.0000)
tensor(1.0683e-10),tensor(5.6001e-26),tensor(1.)
tensor(8.2136e-13),tensor(7.0841e-09),tensor(1.)
tensor(2.7352e-05),tensor(0.0005),tensor(0.9995)
tensor(1.),tensor(7.4673e-18),tensor(1.1284e-12)
tensor(0.0008),tensor(4.8345e-07),tensor(0.9992)
tensor(7.1197e-05),tensor(2.5220e-07),tensor(0.9999)
tensor(5.4779e-10),tensor(3.6966e-13),tensor(1.)
tensor(1.0311e-10),tensor(0.0004),tensor(0.9996)
tensor(0.9991),tensor(4.8591e-11),tensor(0.0009)
tensor(0.9991),tensor(2.0496e-12),tensor(0.0009)
tensor(0.9999),tensor(5.7464e-05),tensor(5.6653e-05)
tensor(0.0005),tensor(6.2114e-17),tensor(0.9995)
tensor(0.9998),tensor(5.7199e-18),tensor(0.0002)
tensor(0.9999),tensor(4.4842e-16),tensor(0.0001)
tensor(0.9971),tensor(3.7982e-22),tensor(0.0029)
tensor(0.9965),tensor(4.5078e-25),tensor(0.0035)
tensor(0.9996),tensor(5.3815e-25),tensor(0.0004)
tensor(0.9999),tensor(4.4842e-16),tensor(0.0001)
tensor(8.7837e-06),tensor(2.2559e-17),tensor(1.0000)
tensor(1.0000),tensor(1.6824e-16),tensor(1.3887e-05)
tensor(1.0000),tensor(2.5975e-09),tensor(2.6552e-05)
tensor(1.0000),tensor(1.2359e-06),tensor(1.2444e-36)
tensor(1.),tensor(2.2044e-09),tensor(7.5945e-40)
tensor(1.),tensor(3.7033e-15),tensor(3.0634e-39)
